# redshift T_b[mK]
2.500000000000000000e+01 -2.384143480262038928e+00
2.498098098098098063e+01 -8.735949142223933706e+00
2.496196196196196126e+01 -8.786725710984093496e-01
2.494294294294294190e+01 7.872249524246446306e+00
2.492392392392392253e+01 -9.702303523915539074e+00
2.490490490490490316e+01 -9.705111624024613803e+00
2.488588588588588735e+01 8.425175415162325265e+00
2.486686686686686798e+01 3.039285424729589735e-01
2.484784784784784861e+01 -1.206887386781878391e+01
2.482882882882882924e+01 -1.952500824120021683e+00
2.480980980980980988e+01 -1.201651970507690592e+01
2.479079079079079051e+01 -1.204414420382281037e+01
2.477177177177177114e+01 -4.972002872204336121e+00
2.475275275275275177e+01 -2.652947830255223138e+01
2.473373373373373241e+01 -2.465118806501472193e+01
2.471471471471471304e+01 -1.303049349495975306e+01
2.469569569569569722e+01 -1.754183362290609693e+01
2.467667667667667786e+01 -4.277238275551599855e+00
2.465765765765765849e+01 -1.650644351488058703e+01
2.463863863863863912e+01 -2.155602619746491655e+01
2.461961961961961975e+01 7.216399803048733297e+00
2.460060060060060039e+01 -9.705254697023534050e+00
2.458158158158158102e+01 -6.779937709036630622e+00
2.456256256256256165e+01 -2.171074160799410535e+01
2.454354354354354228e+01 -1.291545824590787106e+01
2.452452452452452292e+01 -6.371107494992384268e+00
2.450550550550550710e+01 -1.899929421663096463e+01
2.448648648648648773e+01 -3.741754737307092959e+00
2.446746746746746837e+01 -1.351482331614923638e+01
2.444844844844844900e+01 -1.043545150416465539e+01
2.442942942942942963e+01 -1.354599026153090335e+01
2.441041041041041026e+01 1.098306451229574776e+01
2.439139139139139090e+01 -7.685832382594444567e+00
2.437237237237237153e+01 -1.813949720019412126e+01
2.435335335335335216e+01 6.511632579589514691e-01
2.433433433433433279e+01 -1.979500856333731917e+01
2.431531531531531698e+01 -5.510608544404558273e+00
2.429629629629629761e+01 -2.720900966346225403e+01
2.427727727727727824e+01 -2.090763502569502208e+01
2.425825825825825888e+01 -5.671034722221865998e+00
2.423923923923923951e+01 -2.692660836013018866e-01
2.422022022022022014e+01 -5.954954978191631554e+00
2.420120120120120077e+01 -8.840250786463220933e+00
2.418218218218218141e+01 -1.071037269028381900e+01
2.416316316316316204e+01 -2.250056406603862058e+01
2.414414414414414267e+01 -1.493022642353141904e+01
2.412512512512512330e+01 -1.235507337466995637e+01
2.410610610610610749e+01 2.805193289695862013e+00
2.408708708708708812e+01 -4.347671860084255435e+00
2.406806806806806875e+01 -2.543253428958470153e+01
2.404904904904904939e+01 -4.580059014356661073e+00
2.403003003003003002e+01 -1.169097392423365278e+01
2.401101101101101065e+01 -1.462911678472804944e+01
2.399199199199199128e+01 -1.763382534736293472e+00
2.397297297297297192e+01 2.409092604313364916e+00
2.395395395395395255e+01 1.390623871790114485e+00
2.393493493493493673e+01 -1.633613744208066265e+01
2.391591591591591737e+01 -1.105840990607625152e+01
2.389689689689689800e+01 -4.676503722807709984e+00
2.387787787787787863e+01 1.742909190866177127e+00
2.385885885885885926e+01 -1.282823482044218011e+01
2.383983983983983990e+01 -9.917602692398737929e+00
2.382082082082082053e+01 -1.914944208768954326e+01
2.380180180180180116e+01 -2.007381505637455632e+01
2.378278278278278179e+01 -1.272965382769797316e-02
2.376376376376376243e+01 5.397569879628361988e+00
2.374474474474474306e+01 -8.912370298746868258e+00
2.372572572572572724e+01 1.815007672655994497e+00
2.370670670670670788e+01 -4.632631313942689566e+00
2.368768768768768851e+01 -1.472948413208082030e+01
2.366866866866866914e+01 -4.694277905318212873e+00
2.364964964964964977e+01 7.041548597221652273e+00
2.363063063063063041e+01 -8.728332551545440410e+00
2.361161161161161104e+01 7.244454822073356226e+00
2.359259259259259167e+01 -3.463203449739417294e+01
2.357357357357357230e+01 -2.488392172995048668e-01
2.355455455455455294e+01 -7.631375707346877313e+00
2.353553553553553712e+01 -1.152659966734316832e+01
2.351651651651651775e+01 -7.654314461359889243e+00
2.349749749749749839e+01 -2.848372931683556786e+01
2.347847847847847902e+01 -1.084161632180590829e+01
2.345945945945945965e+01 -5.111368822501212605e+00
2.344044044044044028e+01 6.058086280671297175e+00
2.342142142142142092e+01 -1.394267862698528049e+01
2.340240240240240155e+01 -1.688481978557155827e+01
2.338338338338338218e+01 -1.385815993728547113e+01
2.336436436436436281e+01 2.719430207448336745e-01
2.334534534534534345e+01 -5.636876103165510798e+00
2.332632632632632763e+01 -1.426509861378679744e+01
2.330730730730730826e+01 -3.878785554080703690e+00
2.328828828828828890e+01 -8.085467691072910412e+00
2.326926926926926953e+01 5.845546661796969801e-01
2.325025025025025016e+01 -1.616894045880146891e+01
2.323123123123123079e+01 -1.247242925604485109e+01
2.321221221221221143e+01 -1.316517689482386366e+01
2.319319319319319206e+01 -2.392844413928212788e+01
2.317417417417417269e+01 -6.382208922147096786e+00
2.315515515515515688e+01 -6.783894711812893163e+00
2.313613613613613751e+01 -9.395290595418943624e+00
2.311711711711711814e+01 -1.184522065711465544e+01
2.309809809809809877e+01 -2.370694615715702724e+01
2.307907907907907941e+01 -1.381455591701341490e+01
2.306006006006006004e+01 -1.309110698418504271e+01
2.304104104104104067e+01 -1.774359275337179298e+01
2.302202202202202130e+01 -1.139156402537830814e+01
2.300300300300300194e+01 -5.797107321456993034e+00
2.298398398398398257e+01 8.964269447867849294e+00
2.296496496496496320e+01 -8.212826840869803746e+00
2.294594594594594383e+01 -7.445198394088933469e+00
2.292692692692692802e+01 -1.082832878738647508e+01
2.290790790790790865e+01 -2.933585209628328627e+01
2.288888888888888928e+01 -1.047866484741811455e+01
2.286986986986986992e+01 -9.677733634035840637e+00
2.285085085085085055e+01 1.428472532475832857e+01
2.283183183183183118e+01 -1.234011631780894369e+01
2.281281281281281181e+01 -7.471030399847227166e+00
2.279379379379379245e+01 -1.090480344532877588e+01
2.277477477477477308e+01 -2.231686507136614495e+01
2.275575575575575726e+01 7.245385611240404700e-01
2.273673673673673790e+01 -3.259197768578696142e+00
2.271771771771771853e+01 -2.944290088535032268e+00
2.269869869869869916e+01 -2.002583562619527413e+01
2.267967967967967979e+01 3.017360403734674179e+00
2.266066066066066043e+01 -2.510902127418518859e+01
2.264164164164164106e+01 -5.303174208134381118e+00
2.262262262262262169e+01 1.065023571341378705e+01
2.260360360360360232e+01 -2.124360639906340964e+01
2.258458458458458296e+01 -1.708650531238950165e+01
2.256556556556556359e+01 -1.051364999545803869e+01
2.254654654654654777e+01 -1.663290293963638788e+01
2.252752752752752841e+01 -2.719416056961984651e+01
2.250850850850850904e+01 -1.109264849471457026e+01
2.248948948948948967e+01 -2.249349517137357424e+01
2.247047047047047030e+01 -7.228134087214838743e+00
2.245145145145145094e+01 -2.125335657855110227e+01
2.243243243243243157e+01 3.343712885226347353e+00
2.241341341341341220e+01 -2.008617283319791724e+01
2.239439439439439283e+01 -1.557377244275313544e+01
2.237537537537537702e+01 -4.319075874275817739e+00
2.235635635635635765e+01 -2.486557914091847721e+01
2.233733733733733828e+01 -1.038664422577380364e+01
2.231831831831831892e+01 3.042435305244719501e-01
2.229929929929929955e+01 -2.894961980067175134e+01
2.228028028028028018e+01 -1.113773164524222281e+01
2.226126126126126081e+01 -1.049622584941858250e+01
2.224224224224224145e+01 -5.389541054507945184e+00
2.222322322322322208e+01 -2.569172521070639803e+01
2.220420420420420271e+01 -2.664299926393233164e+01
2.218518518518518334e+01 -8.336704096263401809e+00
2.216616616616616398e+01 -1.070575144891752117e+01
2.214714714714714816e+01 -1.129192196857267483e+01
2.212812812812812879e+01 -1.045544210749106107e+01
2.210910910910910943e+01 -2.084507293244649162e+01
2.209009009009009006e+01 -1.184902471905122212e+01
2.207107107107107069e+01 -1.136942515275900156e+01
2.205205205205205132e+01 -2.157413493111768332e+01
2.203303303303303196e+01 4.094745974351301498e+00
2.201401401401401259e+01 -9.958973379226373268e+00
2.199499499499499322e+01 -2.674658646828403263e+01
2.197597597597597741e+01 -8.406219174371649672e+00
2.195695695695695804e+01 -2.485872769536798899e+01
2.193793793793793867e+01 -7.383194070923847718e+00
2.191891891891891930e+01 -3.812236697036802013e+00
2.189989989989989994e+01 -2.375121644805190968e+01
2.188088088088088057e+01 -6.058902233747295085e+00
2.186186186186186120e+01 -1.171521916412498499e+01
2.184284284284284183e+01 -7.774908271384218139e+00
2.182382382382382247e+01 2.817798041105927354e+00
2.180480480480480310e+01 -1.876079682026494311e+01
2.178578578578578373e+01 -2.400325518407534986e+01
2.176676676676676792e+01 -2.552220649618832837e+01
2.174774774774774855e+01 -2.494853882269780243e+01
2.172872872872872918e+01 -1.772705922452098193e+01
2.170970970970970981e+01 -1.371237848133867310e+01
2.169069069069069045e+01 -1.452712265259194169e+01
2.167167167167167108e+01 -9.194627592406389383e+00
2.165265265265265171e+01 -1.751119596395508182e+01
2.163363363363363234e+01 -3.282974414694098897e+00
2.161461461461461298e+01 -2.064435687151406995e+01
2.159559559559559716e+01 9.022030184437088707e+00
2.157657657657657779e+01 -1.210727455155630850e+01
2.155755755755755843e+01 -2.712222260501595628e+01
2.153853853853853906e+01 -2.944870553757243670e+01
2.151951951951951969e+01 -1.410664805494832308e+01
2.150050050050050032e+01 -2.136007199724431160e+01
2.148148148148148096e+01 -1.218201417063822234e+01
2.146246246246246159e+01 -1.478874711768672512e+01
2.144344344344344222e+01 -2.045106836171672171e+01
2.142442442442442285e+01 -2.839494754174174318e+01
2.140540540540540349e+01 -3.528231272766508653e+01
2.138638638638638412e+01 -2.480844436140154130e+01
2.136736736736736830e+01 -1.199138132073811569e+01
2.134834834834834894e+01 -1.862913609348678534e+01
2.132932932932932957e+01 -3.344481728542911725e+01
2.131031031031031020e+01 -1.947564470214750543e+01
2.129129129129129083e+01 -1.757700210673295516e+01
2.127227227227227146e+01 -3.049418623873233969e+01
2.125325325325325210e+01 -2.034653745379265999e+01
2.123423423423423273e+01 -2.153264116946821005e+01
2.121521521521521336e+01 -3.377815309498404872e+01
2.119619619619619755e+01 -1.900710698127450016e+01
2.117717717717717818e+01 -1.721648035114296604e+01
2.115815815815815881e+01 -1.223596339063956506e+01
2.113913913913913944e+01 -1.277342861079695524e+01
2.112012012012012008e+01 -3.733595988901321761e+01
2.110110110110110071e+01 -3.318819560176414285e+01
2.108208208208208134e+01 -1.891315677249619753e+01
2.106306306306306197e+01 -1.918211762726208036e+01
2.104404404404404261e+01 -1.942889249065128965e+01
2.102502502502502324e+01 1.368561418890595149e+01
2.100600600600600387e+01 -1.939809005512524109e+01
2.098698698698698450e+01 -1.401961717538503116e+01
2.096796796796796869e+01 -1.610649200534809822e+01
2.094894894894894932e+01 -1.940680451612392687e+01
2.092992992992992995e+01 -2.935059592943602524e+01
2.091091091091091059e+01 -1.888840117018269282e+01
2.089189189189189122e+01 -3.448954989247619807e+01
2.087287287287287185e+01 -2.941572696146974408e+01
2.085385385385385248e+01 -3.219046675513449429e+01
2.083483483483483667e+01 -2.681044765834732857e+01
2.081581581581581730e+01 -4.778042394285755279e+00
2.079679679679679793e+01 -4.689581723966917792e+01
2.077777777777777857e+01 -2.166219653956506264e+01
2.075875875875875920e+01 -4.495666127051357819e+01
2.073973973973973983e+01 -3.385660878914782757e+01
2.072072072072072046e+01 -1.855866702327280393e+01
2.070170170170170110e+01 -2.911936143572234315e+01
2.068268268268268173e+01 -4.085671937142873134e+01
2.066366366366366236e+01 -3.755254784797142520e+01
2.064464464464464299e+01 -2.392691498592538579e+01
2.062562562562562363e+01 -3.835309232032545879e+01
2.060660660660660426e+01 -2.921452840766990633e+01
2.058758758758758844e+01 -3.125625981773390549e+01
2.056856856856856908e+01 -3.856397105252588631e+01
2.054954954954954971e+01 -1.094764088485653275e+01
2.053053053053053034e+01 -2.639012594968048120e+01
2.051151151151151097e+01 -5.332611830729085511e+01
2.049249249249249161e+01 -3.155866080395216500e+01
2.047347347347347224e+01 -4.039272807435400381e+01
2.045445445445445287e+01 -2.560534170334030790e+01
2.043543543543543706e+01 -4.241284508920158203e+01
2.041641641641641769e+01 -3.599612122252757729e+01
2.039739739739739832e+01 -3.016315918680843922e+01
2.037837837837837895e+01 -2.692289066190679137e+01
2.035935935935935959e+01 -4.795390749198425340e+01
2.034034034034034022e+01 -3.966954649220600260e+01
2.032132132132132085e+01 -4.145066426695488815e+01
2.030230230230230148e+01 -4.361426799210894956e+01
2.028328328328328212e+01 -1.980928075934567545e+01
2.026426426426426275e+01 -3.379993483749943550e+01
2.024524524524524338e+01 -5.084758963752770455e+01
2.022622622622622401e+01 -2.945220211915648179e+01
2.020720720720720465e+01 -1.780439158418229084e+01
2.018818818818818883e+01 -2.909947703755386783e+01
2.016916916916916946e+01 -5.501898992536752075e+01
2.015015015015015010e+01 -4.507175238195345912e+01
2.013113113113113073e+01 -2.796735761044435264e+01
2.011211211211211136e+01 -4.812316326610402939e+01
2.009309309309309199e+01 -3.702120641184470173e+01
2.007407407407407263e+01 -3.412890008077795301e+01
2.005505505505505681e+01 -5.156328561511281805e+01
2.003603603603603744e+01 -4.331085686521685574e+01
2.001701701701701808e+01 -7.555276564688745111e+01
1.999799799799799871e+01 -5.381130440976694729e+01
1.997897897897897934e+01 -4.652323244989104722e+01
1.995995995995995997e+01 -5.690823291245727233e+01
1.994094094094094061e+01 -2.854153833137173990e+01
1.992192192192192124e+01 -5.960491809127234575e+01
1.990290290290290187e+01 -5.014445650288933365e+01
1.988388388388388250e+01 -4.487972904797834417e+01
1.986486486486486314e+01 -3.222011289736062878e+01
1.984584584584584377e+01 -6.143972832374923598e+01
1.982682682682682440e+01 -3.590023340383028483e+01
1.980780780780780859e+01 -4.788278518342072942e+01
1.978878878878878922e+01 -5.825585643690506998e+01
1.976976976976976985e+01 -4.427769592915723962e+01
1.975075075075075048e+01 -4.736833359377239105e+01
1.973173173173173112e+01 -5.582352102459655185e+01
1.971271271271271175e+01 -4.958790896416959271e+01
1.969369369369369238e+01 -5.460576361719181193e+01
1.967467467467467301e+01 -5.008622273857450580e+01
1.965565565565565720e+01 -4.507087251056027810e+01
1.963663663663663783e+01 -3.630475972305473675e+01
1.961761761761761846e+01 -6.501773829963272533e+01
1.959859859859859910e+01 -3.178575765325356883e+01
1.957957957957957973e+01 -7.311517562148793559e+01
1.956056056056056036e+01 -5.559195114265995841e+01
1.954154154154154099e+01 -4.867226540973453552e+01
1.952252252252252163e+01 -5.222833263493981804e+01
1.950350350350350226e+01 -6.174947270389610310e+01
1.948448448448448289e+01 -5.808927569195201102e+01
1.946546546546546352e+01 -6.142490971823128376e+01
1.944644644644644416e+01 -6.287661459589962476e+01
1.942742742742742479e+01 -4.897615134143083537e+01
1.940840840840840897e+01 -5.439228548948526054e+01
1.938938938938938961e+01 -6.538277928658257565e+01
1.937037037037037024e+01 -4.994983544996891567e+01
1.935135135135135087e+01 -5.636582295859847136e+01
1.933233233233233150e+01 -5.180395830865500528e+01
1.931331331331331214e+01 -5.413075495202974707e+01
1.929429429429429277e+01 -6.921206514882054250e+01
1.927527527527527695e+01 -6.701953300439996042e+01
1.925625625625625759e+01 -5.444084249220440341e+01
1.923723723723723822e+01 -5.630649855807155291e+01
1.921821821821821885e+01 -6.311591775091783774e+01
1.919919919919919948e+01 -6.223051516547118212e+01
1.918018018018018012e+01 -5.112397895242512647e+01
1.916116116116116075e+01 -7.031303022756064536e+01
1.914214214214214138e+01 -5.942278542788579898e+01
1.912312312312312201e+01 -6.741179863434255992e+01
1.910410410410410265e+01 -6.806236449695694546e+01
1.908508508508508328e+01 -5.539294818635519135e+01
1.906606606606606391e+01 -5.862110156696114416e+01
1.904704704704704454e+01 -5.923399110500848508e+01
1.902802802802802873e+01 -5.480731972151669851e+01
1.900900900900900936e+01 -6.814416566591368962e+01
1.898998998998998999e+01 -6.202570219462800338e+01
1.897097097097097063e+01 -7.243764508968669702e+01
1.895195195195195126e+01 -6.658158774495053933e+01
1.893293293293293189e+01 -7.161075090416190392e+01
1.891391391391391252e+01 -6.982400495473278568e+01
1.889489489489489316e+01 -6.532549338030977992e+01
1.887587587587587734e+01 -7.994069909427383891e+01
1.885685685685685797e+01 -5.131425968910315305e+01
1.883783783783783861e+01 -8.277602978671849598e+01
1.881881881881881924e+01 -8.533343050986891853e+01
1.879979979979979987e+01 -6.208395385594902649e+01
1.878078078078078050e+01 -6.621947886201166966e+01
1.876176176176176114e+01 -6.836341828848198077e+01
1.874274274274274177e+01 -6.878701440599206762e+01
1.872372372372372240e+01 -7.565600680832466196e+01
1.870470470470470303e+01 -8.496624256615007198e+01
1.868568568568568367e+01 -7.569275921812391061e+01
1.866666666666666430e+01 -8.367636693246829793e+01
1.864764764764764493e+01 -6.760418973244324548e+01
1.862862862862862912e+01 -7.927315901817880217e+01
1.860960960960960975e+01 -8.650118421206933306e+01
1.859059059059059038e+01 -8.189990648442361021e+01
1.857157157157157101e+01 -7.499252537793563533e+01
1.855255255255255165e+01 -8.519080390997311270e+01
1.853353353353353228e+01 -8.820328021829854492e+01
1.851451451451451291e+01 -7.796737491399967723e+01
1.849549549549549710e+01 -7.837328515958267872e+01
1.847647647647647773e+01 -8.630648367325220249e+01
1.845745745745745836e+01 -8.635680795833151535e+01
1.843843843843843899e+01 -7.973043476174663624e+01
1.841941941941941963e+01 -9.693129489305957236e+01
1.840040040040040026e+01 -9.691947740825072799e+01
1.838138138138138089e+01 -9.041814692958575961e+01
1.836236236236236152e+01 -8.575153610133604332e+01
1.834334334334334216e+01 -8.088573076031944709e+01
1.832432432432432279e+01 -6.961323188026473474e+01
1.830530530530530342e+01 -7.615632298006940459e+01
1.828628628628628405e+01 -8.669243708272327353e+01
1.826726726726726469e+01 -8.563721849493356331e+01
1.824824824824824887e+01 -9.582012956331125508e+01
1.822922922922922950e+01 -8.632137606239805905e+01
1.821021021021021014e+01 -8.935776929847567374e+01
1.819119119119119077e+01 -8.357218625288743397e+01
1.817217217217217140e+01 -9.539292339785737340e+01
1.815315315315315203e+01 -8.224144375681625263e+01
1.813413413413413267e+01 -7.241477573055855999e+01
1.811511511511511330e+01 -8.912987290808842999e+01
1.809609609609609748e+01 -8.431800213679929357e+01
1.807707707707707812e+01 -8.171916699808909357e+01
1.805805805805805875e+01 -9.291083187753631023e+01
1.803903903903903938e+01 -8.692815995548313879e+01
1.802002002002002001e+01 -8.930595669389926172e+01
1.800100100100100065e+01 -8.871014665593956749e+01
1.798198198198198128e+01 -9.766380470066748387e+01
1.796296296296296191e+01 -8.992732855616037568e+01
1.794394394394394254e+01 -8.542199206427928004e+01
1.792492492492492318e+01 -7.611108472387202539e+01
1.790590590590590381e+01 -8.124224096811740026e+01
1.788688688688688444e+01 -6.950734821321826473e+01
1.786786786786786507e+01 -9.890853691662928782e+01
1.784884884884884926e+01 -8.269930440386120551e+01
1.782982982982982989e+01 -8.976798610808423007e+01
1.781081081081081052e+01 -6.987363163987443215e+01
1.779179179179179116e+01 -1.000159454191302615e+02
1.777277277277277179e+01 -1.004823092198418522e+02
1.775375375375375242e+01 -9.822210670456244941e+01
1.773473473473473305e+01 -1.136010868758598491e+02
1.771571571571571724e+01 -9.774441510660788879e+01
1.769669669669669787e+01 -1.001936250121392931e+02
1.767767767767767850e+01 -9.120442011876254185e+01
1.765865865865865914e+01 -8.938740289806997907e+01
1.763963963963963977e+01 -7.413033559161488029e+01
1.762062062062062040e+01 -8.346528844633266431e+01
1.760160160160160103e+01 -9.880639598968723192e+01
1.758258258258258167e+01 -1.020791231015755329e+02
1.756356356356356230e+01 -8.822349566076785266e+01
1.754454454454454293e+01 -1.063828031857693901e+02
1.752552552552552356e+01 -7.489371242769419723e+01
1.750650650650650419e+01 -8.143172283809471423e+01
1.748748748748748483e+01 -9.792565224272584601e+01
1.746846846846846901e+01 -1.103629466891687798e+02
1.744944944944944965e+01 -7.968046539391284000e+01
1.743043043043043028e+01 -9.434205280357014090e+01
1.741141141141141091e+01 -8.078579486563697287e+01
1.739239239239239154e+01 -1.090651506725593549e+02
1.737337337337337217e+01 -9.906092097304289723e+01
1.735435435435435281e+01 -9.295075170263457665e+01
1.733533533533533344e+01 -9.245911932086185914e+01
1.731631631631631763e+01 -9.734503908332168010e+01
1.729729729729729826e+01 -8.652107647998360562e+01
1.727827827827827889e+01 -1.033207149307623069e+02
1.725925925925925952e+01 -9.395300419978330808e+01
1.724024024024024015e+01 -9.120073716365311611e+01
1.722122122122122079e+01 -8.712359287030841415e+01
1.720220220220220142e+01 -8.500596812445309070e+01
1.718318318318318205e+01 -1.032119307438546798e+02
1.716416416416416268e+01 -1.071398043853980653e+02
1.714514514514514332e+01 -7.884492783849094621e+01
1.712612612612612395e+01 -8.811150769002225047e+01
1.710710710710710458e+01 -9.872246113898799535e+01
1.708808808808808521e+01 -7.551906030857529117e+01
1.706906906906906940e+01 -8.965692484817485308e+01
1.705005005005005003e+01 -7.879394981433965484e+01
1.703103103103103066e+01 -8.967523915598509632e+01
1.701201201201201130e+01 -6.949675124073900179e+01
1.699299299299299193e+01 -7.229475293720889795e+01
1.697397397397397256e+01 -9.207168746448714103e+01
1.695495495495495675e+01 -7.959070593337246180e+01
1.693593593593593738e+01 -8.256526285896796935e+01
1.691691691691691801e+01 -7.503598928699112491e+01
1.689789789789789864e+01 -9.806588130999492137e+01
1.687887887887887928e+01 -8.124157718588061527e+01
1.685985985985985991e+01 -7.719445165701465328e+01
1.684084084084084054e+01 -1.050339089414201936e+02
1.682182182182182117e+01 -9.893820104074983135e+01
1.680280280280280181e+01 -1.071483871865536344e+02
1.678378378378378244e+01 -8.909128469989094867e+01
1.676476476476476307e+01 -7.885423064187916964e+01
1.674574574574574370e+01 -7.063002048830263391e+01
1.672672672672672434e+01 -8.452815993505704739e+01
1.670770770770770497e+01 -6.859013320656384849e+01
1.668868868868868560e+01 -9.827625462633464792e+01
1.666966966966966979e+01 -1.010998717321742788e+02
1.665065065065065042e+01 -8.420430461846051173e+01
1.663163163163163105e+01 -7.938301755903380297e+01
1.661261261261261168e+01 -8.311765552348678909e+01
1.659359359359359232e+01 -1.030241513376750788e+02
1.657457457457457650e+01 -8.279175490510381508e+01
1.655555555555555713e+01 -9.448857542519698427e+01
1.653653653653653777e+01 -7.428310522742999922e+01
1.651751751751751840e+01 -7.684254560101548748e+01
1.649849849849849903e+01 -8.942889753112791595e+01
1.647947947947947966e+01 -8.468334614677128513e+01
1.646046046046046030e+01 -8.964453004018750448e+01
1.644144144144144093e+01 -7.918017575277207243e+01
1.642242242242242156e+01 -6.849637054292630012e+01
1.640340340340340219e+01 -8.739301657070731721e+01
1.638438438438438283e+01 -7.197616496532718600e+01
1.636536536536536346e+01 -8.179370523688899652e+01
1.634634634634634409e+01 -8.388828838470747939e+01
1.632732732732732472e+01 -7.649239398875936047e+01
1.630830830830830536e+01 -8.523128304163543589e+01
1.628928928928928599e+01 -7.986652384302421126e+01
1.627027027027027017e+01 -8.575452511750199847e+01
1.625125125125125081e+01 -5.356893015390315327e+01
1.623223223223223144e+01 -7.229884374792466417e+01
1.621321321321321207e+01 -7.907906616102933128e+01
1.619419419419419270e+01 -6.936723517046732468e+01
1.617517517517517689e+01 -7.205017768134852929e+01
1.615615615615615752e+01 -7.255193702811479284e+01
1.613713713713713815e+01 -6.361155985118770673e+01
1.611811811811811879e+01 -6.158494503598147674e+01
1.609909909909909942e+01 -7.386779895318643696e+01
1.608008008008008005e+01 -7.371987169027562459e+01
1.606106106106106068e+01 -7.010740697145755007e+01
1.604204204204204132e+01 -8.976776860908547917e+01
1.602302302302302195e+01 -8.128876320612586426e+01
1.600400400400400258e+01 -5.185319945987152579e+01
1.598498498498498499e+01 -4.845349754558476718e+01
1.596596596596596562e+01 -6.677165425067198612e+01
1.594694694694694626e+01 -5.789052315351690225e+01
1.592792792792792689e+01 -5.991422341026985521e+01
1.590890890890890752e+01 -3.160641628121524604e+01
1.588988988988988993e+01 -5.056594503039357846e+01
1.587087087087087056e+01 -6.240543093826585874e+01
1.585185185185185119e+01 -7.004441522090407091e+01
1.583283283283283183e+01 -7.591454756525223502e+01
1.581381381381381246e+01 -5.717494452023857576e+01
1.579479479479479487e+01 -6.613084750238432719e+01
1.577577577577577550e+01 -7.214554103956947984e+01
1.575675675675675613e+01 -6.374315717347870702e+01
1.573773773773773677e+01 -6.744620990407132410e+01
1.571871871871871740e+01 -3.911160987590804439e+01
1.569969969969969981e+01 -4.651803679379215595e+01
1.568068068068068044e+01 -5.476479968964382294e+01
1.566166166166166107e+01 -3.923561681719235139e+01
1.564264264264264170e+01 -5.261082738971116868e+01
1.562362362362362234e+01 -6.134638564122959536e+01
1.560460460460460297e+01 -3.685103735696458216e+01
1.558558558558558538e+01 -4.604095830133174161e+01
1.556656656656656601e+01 -6.114997973745117577e+01
1.554754754754754664e+01 -5.202841232449532782e+01
1.552852852852852727e+01 -5.822887128606932094e+01
1.550950950950950791e+01 -6.264862462828313028e+01
1.549049049049049032e+01 -3.890717126042559926e+01
1.547147147147147095e+01 -2.842360419226546497e+01
1.545245245245245158e+01 -6.085287717125137874e+01
1.543343343343343221e+01 -4.058766270694541589e+01
1.541441441441441285e+01 -5.207476521343367892e+01
1.539539539539539525e+01 -4.979127546948846827e+01
1.537637637637637589e+01 -5.019594376821865467e+01
1.535735735735735652e+01 -5.226504688967295209e+01
1.533833833833833715e+01 -4.249431532500221920e+01
1.531931931931931778e+01 -5.064478445752006053e+01
1.530030030030030019e+01 -3.898792771489852527e+01
1.528128128128128083e+01 -4.155364967655496855e+01
1.526226226226226146e+01 -4.280117999507144333e+01
1.524324324324324209e+01 -4.884952120823499655e+01
1.522422422422422272e+01 -4.490563169926956277e+01
1.520520520520520513e+01 -3.094997709793373275e+01
1.518618618618618576e+01 -3.286204560320824442e+01
1.516716716716716640e+01 -4.701597206706137655e+01
1.514814814814814703e+01 -3.561851622125433181e+01
1.512912912912912766e+01 -2.847169117712398290e+01
1.511011011011011007e+01 -5.205572638962771492e+01
1.509109109109109070e+01 -2.930664638525609433e+01
1.507207207207207134e+01 -4.074760954236439403e+01
1.505305305305305197e+01 -2.779913552885617634e+01
1.503403403403403260e+01 -4.052416245201752787e+01
1.501501501501501501e+01 -5.032961438928183640e+01
1.499599599599599564e+01 -4.794810225144170346e+01
1.497697697697697627e+01 -3.058595721985058447e+01
1.495795795795795691e+01 -2.786670811042449358e+01
1.493893893893893754e+01 -3.890653727742797230e+01
1.491991991991991995e+01 -2.287965532149886272e+01
1.490090090090090058e+01 -4.528632151213678725e+01
1.488188188188188121e+01 -2.874082245775470312e+01
1.486286286286286185e+01 -3.960248507977969723e+01
1.484384384384384248e+01 -3.342640623449043602e+01
1.482482482482482311e+01 -2.585323566852306243e+01
1.480580580580580552e+01 -3.435401651989682392e+01
1.478678678678678615e+01 -2.902107898637341066e+01
1.476776776776776678e+01 -1.454156461329042749e+01
1.474874874874874742e+01 -2.980597054723164874e+01
1.472972972972972805e+01 -1.511630949868873941e+01
1.471071071071071046e+01 -3.421012086700192611e+01
1.469169169169169109e+01 -1.705850495927534993e+01
1.467267267267267172e+01 -7.388049172590786640e+00
1.465365365365365236e+01 -4.597108926784118665e+01
1.463463463463463299e+01 -2.867824863476725028e+01
1.461561561561561540e+01 -1.439699119670859417e+01
1.459659659659659603e+01 -2.166025114859519718e+01
1.457757757757757666e+01 -1.538370688807451181e+01
1.455855855855855729e+01 -2.460424012047225872e+01
1.453953953953953793e+01 -1.717158566940642572e+01
1.452052052052052034e+01 -1.907124183584430455e+01
1.450150150150150097e+01 -5.317542378501919131e+00
1.448248248248248160e+01 -1.393597151263184486e+01
1.446346346346346223e+01 -1.259290874556740469e+01
1.444444444444444287e+01 -1.958041284310688823e+01
1.442542542542542527e+01 -1.983437752269757226e+01
1.440640640640640591e+01 -1.878454702985332858e+01
1.438738738738738654e+01 -1.001873731804301926e+01
1.436836836836836717e+01 -1.768124590932789530e+01
1.434934934934934780e+01 -1.008583206147135947e+01
1.433033033033033021e+01 8.254202092002824287e+00
1.431131131131131085e+01 -3.308835219570532615e+00
1.429229229229229148e+01 -1.480465246536189916e+01
1.427327327327327211e+01 9.393237554921807231e-01
1.425425425425425274e+01 -1.468603399028794954e+01
1.423523523523523515e+01 -3.052306024230135506e+01
1.421621621621621578e+01 -1.976328402954496610e+01
1.419719719719719642e+01 -2.793496308392152727e+01
1.417817817817817705e+01 -1.229057212270433652e+01
1.415915915915915768e+01 -8.143751820114717432e+00
1.414014014014014009e+01 8.879836311440744367e+00
1.412112112112112072e+01 -4.175964708026615568e+00
1.410210210210210136e+01 -9.201041862669764981e+00
1.408308308308308199e+01 1.715129045365477722e+00
1.406406406406406262e+01 -2.826325613830054806e+01
1.404504504504504325e+01 -3.372813816497814976e+00
1.402602602602602566e+01 2.398563703362986743e+00
1.400700700700700629e+01 -1.968114367398036890e+01
1.398798798798798693e+01 6.953138078627204344e+00
1.396896896896896756e+01 -6.925592256323258589e-01
1.394994994994994819e+01 -7.827593728223884995e+00
1.393093093093093060e+01 3.052382900869242910e+00
1.391191191191191123e+01 1.982667146937879110e+01
1.389289289289289187e+01 -6.705114977497022011e-01
1.387387387387387250e+01 3.800433252592942956e-01
1.385485485485485313e+01 -6.312807290336619026e+00
1.383583583583583554e+01 -9.838700780434322724e+00
1.381681681681681617e+01 7.338043461929713018e+00
1.379779779779779680e+01 -9.155181756830389261e+00
1.377877877877877744e+01 4.883455176857872115e-01
1.375975975975975807e+01 -4.640826672672600850e+00
1.374074074074074048e+01 5.284673244861123109e+00
1.372172172172172111e+01 4.186710378779034514e+00
1.370270270270270174e+01 1.157681490687609127e+01
1.368368368368368237e+01 -3.551285825106884175e+00
1.366466466466466301e+01 -8.062470942876718283e-01
1.364564564564564542e+01 -7.555324644760352371e+00
1.362662662662662605e+01 -1.874598531680912838e+00
1.360760760760760668e+01 6.673596704290613246e+00
1.358858858858858731e+01 1.079889223211715965e+01
1.356956956956956795e+01 -5.668045397761528825e+00
1.355055055055055035e+01 1.257054462097506331e+01
1.353153153153153099e+01 1.774804267953346226e+01
1.351251251251251162e+01 8.639519021499861395e+00
1.349349349349349225e+01 2.358298711006648318e+01
1.347447447447447288e+01 -2.616625224192050680e+00
1.345545545545545529e+01 -7.022637546855490243e+00
1.343643643643643593e+01 -1.206421940052016950e+01
1.341741741741741656e+01 2.097895691518891681e+01
1.339839839839839719e+01 1.285415289408773276e+01
1.337937937937937782e+01 6.042781189220800542e+00
1.336036036036036023e+01 9.682945618818706635e+00
1.334134134134134086e+01 -4.090472806268400596e+00
1.332232232232232150e+01 3.189964935838533933e+01
1.330330330330330213e+01 9.008633960332252499e+00
1.328428428428428276e+01 9.081269900836197451e+00
1.326526526526526517e+01 1.551252274378376050e+01
1.324624624624624580e+01 1.332914480384607003e+01
1.322722722722722644e+01 1.101877708910744680e+01
1.320820820820820707e+01 1.132792585663681351e+00
1.318918918918918770e+01 1.400622495703422565e+01
1.317017017017016833e+01 2.836227588932816701e+01
1.315115115115115074e+01 2.324348244560057708e+01
1.313213213213213137e+01 2.596518938953085609e+01
1.311311311311311201e+01 5.162024343450575259e+00
1.309409409409409264e+01 6.158358881761127890e-01
1.307507507507507327e+01 9.488590413509127686e+00
1.305605605605605568e+01 1.153518438738451835e+01
1.303703703703703631e+01 2.214825375132281238e+01
1.301801801801801695e+01 -5.492949333404675727e+00
1.299899899899899758e+01 2.694949827446422930e+01
1.297997997997997821e+01 1.029243463141994930e+01
1.296096096096096062e+01 7.819224799616667276e+00
1.294194194194194125e+01 2.179545028428771403e+00
1.292292292292292188e+01 -4.038365527986607972e+00
1.290390390390390252e+01 2.094860663258459965e+01
1.288488488488488315e+01 1.365389487451454897e+01
1.286586586586586556e+01 2.220623962181296207e-01
1.284684684684684619e+01 3.690101472435927121e-01
1.282782782782782682e+01 1.015727416105646697e+01
1.280880880880880746e+01 3.039788435509653297e+01
1.278978978978978809e+01 1.130098880321233779e+01
1.277077077077077050e+01 -9.485282913222086165e-01
1.275175175175175113e+01 1.180874242671454866e+01
1.273273273273273176e+01 1.171951058782543242e+01
1.271371371371371239e+01 -1.234421818241930957e+01
1.269469469469469303e+01 1.425695704867247038e+01
1.267567567567567544e+01 1.266320083610522929e+01
1.265665665665665607e+01 2.210449741521744471e+01
1.263763763763763670e+01 3.379912677859442027e+01
1.261861861861861733e+01 2.673987168419118632e+01
1.259959959959959797e+01 1.294750893472912168e+01
1.258058058058058037e+01 4.729613298664842702e+00
1.256156156156156101e+01 4.168450611680348317e+01
1.254254254254254164e+01 1.669671001968498203e+01
1.252352352352352227e+01 1.639504134203652796e+01
1.250450450450450290e+01 1.616334767285753315e+01
1.248548548548548531e+01 1.853194772683438529e+01
1.246646646646646595e+01 1.525167153968854450e+01
1.244744744744744658e+01 1.110052795117305280e+01
1.242842842842842721e+01 1.150815125537736350e+01
1.240940940940940784e+01 1.678654313865696324e+01
1.239039039039038848e+01 1.181416124052849348e+01
1.237137137137137088e+01 1.025129753290435985e+01
1.235235235235235152e+01 1.857318733405562838e+01
1.233333333333333215e+01 1.508604825177182818e+01
1.231431431431431278e+01 3.280051560884735551e+01
1.229529529529529341e+01 -8.626494189100814225e+00
1.227627627627627582e+01 2.891876663733965813e+01
1.225725725725725646e+01 3.058294325437788075e+01
1.223823823823823709e+01 -2.495495888404647644e+00
1.221921921921921772e+01 1.492579028741970149e+01
1.220020020020019835e+01 1.475048493662730564e+01
1.218118118118118076e+01 4.498245675122387155e+00
1.216216216216216139e+01 1.090163196031218718e+01
1.214314314314314203e+01 7.678484581505989226e+00
1.212412412412412266e+01 3.640942296090938157e+01
1.210510510510510329e+01 2.834403168848729138e+01
1.208608608608608570e+01 3.180140345400213420e+01
1.206706706706706633e+01 2.639927695004563191e+01
1.204804804804804697e+01 7.986862511197877268e+00
1.202902902902902760e+01 1.412514466422502579e+01
1.201001001001000823e+01 2.435522416687239300e+01
1.199099099099099064e+01 7.328641703808433050e+00
1.197197197197197127e+01 2.676555761143194090e+01
1.195295295295295190e+01 1.731617628859551417e+01
1.193393393393393254e+01 1.605330428267018306e+01
1.191491491491491317e+01 2.699144039947778495e+01
1.189589589589589558e+01 2.440307018517859916e+01
1.187687687687687621e+01 1.642766094969935153e+01
1.185785785785785684e+01 3.170581676208412603e+01
1.183883883883883748e+01 9.375412720135116729e+00
1.181981981981981811e+01 2.641728124454008864e+01
1.180080080080080052e+01 2.625918911482275320e+01
1.178178178178178115e+01 1.729911141964525356e+01
1.176276276276276178e+01 2.372059980564300119e+01
1.174374374374374241e+01 8.011240978566476656e+00
1.172472472472472305e+01 2.982418705410299253e+01
1.170570570570570545e+01 1.879488980282389221e+01
1.168668668668668609e+01 1.547514831224085441e+01
1.166766766766766672e+01 3.124943076131837927e+01
1.164864864864864735e+01 1.377137377845595445e+01
1.162962962962962798e+01 6.784200672231097684e+00
1.161061061061061039e+01 5.355075642844429495e+00
1.159159159159159103e+01 2.703152852090637026e+01
1.157257257257257166e+01 8.214430073600524906e+00
1.155355355355355229e+01 3.861254283682561095e+01
1.153453453453453292e+01 2.897865979106093448e-01
1.151551551551551356e+01 3.811674440973498434e+01
1.149649649649649596e+01 2.330409423156744353e+01
1.147747747747747660e+01 2.026718393904268467e+01
1.145845845845845723e+01 1.582419423692377514e+01
1.143943943943943786e+01 2.530250840595684281e+01
1.142042042042041849e+01 2.097127250738176230e+01
1.140140140140140090e+01 3.241583753818805747e+01
1.138238238238238154e+01 2.255662408883929260e+01
1.136336336336336217e+01 2.294744452190969142e+01
1.134434434434434280e+01 1.783714364500582761e+01
1.132532532532532343e+01 2.093142452672129750e+01
1.130630630630630584e+01 2.460530563892054090e+01
1.128728728728728647e+01 4.450821119201965104e+00
1.126826826826826711e+01 8.094693285322719589e+00
1.124924924924924774e+01 2.903207330959505228e+01
1.123023023023022837e+01 2.332982862509822652e+01
1.121121121121121078e+01 1.980195708672437860e+01
1.119219219219219141e+01 2.184449288182262094e+01
1.117317317317317205e+01 2.515158729614758926e+01
1.115415415415415268e+01 1.629269306897825231e+01
1.113513513513513331e+01 1.392068037772670408e+01
1.111611611611611572e+01 2.367455172279751707e+01
1.109709709709709635e+01 1.194369148079769793e+01
1.107807807807807698e+01 2.582023042886216402e+01
1.105905905905905762e+01 4.721128328116158457e+00
1.104004004004003825e+01 3.204677457204353885e+01
1.102102102102102066e+01 2.648845336923776728e+01
1.100200200200200129e+01 2.432905686766974540e+01
1.098298298298298192e+01 3.159834843807552573e+01
1.096396396396396256e+01 3.842758668327022065e+01
1.094494494494494319e+01 3.191699347710877888e+01
1.092592592592592560e+01 3.363885155523611559e+00
1.090690690690690623e+01 8.975190093769787936e+00
1.088788788788788686e+01 1.552022576073355964e+01
1.086886886886886749e+01 2.202590319966509114e+01
1.084984984984984813e+01 2.693730326426905464e+01
1.083083083083083054e+01 1.449814560859203283e+01
1.081181181181181117e+01 2.361728169946886879e+01
1.079279279279279180e+01 1.418781785285454333e+01
1.077377377377377243e+01 1.561575898382984739e+01
1.075475475475475307e+01 7.652793587067726833e+00
1.073573573573573370e+01 1.247472737999694203e+01
1.071671671671671611e+01 8.177067324302958795e+00
1.069769769769769674e+01 1.192124271766771848e+01
1.067867867867867737e+01 3.220167403396889938e+01
1.065965965965965800e+01 1.215577713435004092e+01
1.064064064064063864e+01 4.795733618473208537e+01
1.062162162162162105e+01 2.654969334664586711e+01
1.060260260260260168e+01 2.344713426671428991e+01
1.058358358358358231e+01 1.299395893887764863e+01
1.056456456456456294e+01 2.855823062466086526e+01
1.054554554554554358e+01 1.577562719457975682e+01
1.052652652652652598e+01 2.272826573056860155e+01
1.050750750750750662e+01 4.708447471115140814e+01
1.048848848848848725e+01 2.049780061386013585e+01
1.046946946946946788e+01 3.292522252958838180e+01
1.045045045045044851e+01 1.437414253191955282e+01
1.043143143143143092e+01 2.102877853172154587e+01
1.041241241241241156e+01 3.905877378814679446e+01
1.039339339339339219e+01 1.505143774453664385e+01
1.037437437437437282e+01 3.941318964479631859e+01
1.035535535535535345e+01 2.833318659014305041e+01
1.033633633633633586e+01 1.559733974615796548e+01
1.031731731731731649e+01 2.751181160896723910e+01
1.029829829829829713e+01 3.087840137177364142e+01
1.027927927927927776e+01 2.733548424281475775e+01
1.026026026026025839e+01 5.379079401914021119e+00
1.024124124124124080e+01 1.377332028891725280e+01
1.022222222222222143e+01 1.853230392109364288e+01
1.020320320320320207e+01 2.022539611697389006e+01
1.018418418418418270e+01 2.713528871161788558e+01
1.016516516516516333e+01 2.266328930490422167e+01
1.014614614614614574e+01 7.490008832824493368e+00
1.012712712712712637e+01 2.460207335221423364e+01
1.010810810810810700e+01 2.686207314133573476e+01
1.008908908908908764e+01 2.630972762123299802e+01
1.007007007007006827e+01 3.147473408824178875e+01
1.005105105105105068e+01 2.896075517990411896e+01
1.003203203203203131e+01 2.516745389445166836e+01
1.001301301301301194e+01 1.982763632154644995e+01
9.993993993993992575e+00 3.871783072443797380e+00
9.974974974974973208e+00 2.472688861681440287e+01
9.955955955955953840e+00 2.245643522893285748e+01
9.936936936936936249e+00 2.304374488960896628e+01
9.917917917917916881e+00 7.508423189936841879e+00
9.898898898898897514e+00 9.412858157100373546e+00
9.879879879879878146e+00 3.070203635460297420e+01
9.860860860860858779e+00 1.972161803236372180e+01
9.841841841841841187e+00 2.687842298040677846e+01
9.822822822822821820e+00 2.029243872334554410e+01
9.803803803803802452e+00 2.025225439082393919e+01
9.784784784784783085e+00 2.927985735329767181e+01
9.765765765765763717e+00 1.467782861455976118e+01
9.746746746746746126e+00 2.074035672838738620e+01
9.727727727727726759e+00 1.509689338349679844e+01
9.708708708708707391e+00 1.531481175516650239e+01
9.689689689689688024e+00 1.650781880991287309e+01
9.670670670670668656e+00 2.176028767225061600e+01
9.651651651651651065e+00 1.469052563349271345e+01
9.632632632632631697e+00 3.197429268844150840e+01
9.613613613613612330e+00 1.040904338736394585e+01
9.594594594594592962e+00 1.742349866790612722e+01
9.575575575575573595e+00 1.482926648182452212e+01
9.556556556556556004e+00 3.363039874819713049e+01
9.537537537537536636e+00 2.105989772171395202e+01
9.518518518518517268e+00 2.934621893999376141e+01
9.499499499499497901e+00 4.105293110308917193e+00
9.480480480480478533e+00 2.156422880174768153e+01
9.461461461461460942e+00 2.772257586773931948e+01
9.442442442442441575e+00 1.958136778616400164e+01
9.423423423423422207e+00 2.934531596345379967e+01
9.404404404404402840e+00 1.344934213609868934e+01
9.385385385385383472e+00 3.264459678829859257e+01
9.366366366366365881e+00 4.146796955827963416e+01
9.347347347347346513e+00 1.477821293341052922e+01
9.328328328328327146e+00 1.387893440754751140e+01
9.309309309309307778e+00 3.279492145867445174e+01
9.290290290290288411e+00 3.398367755768178711e+01
9.271271271271270820e+00 1.288600163762113304e+01
9.252252252252251452e+00 1.383915236822010897e+01
9.233233233233232085e+00 1.514937112260548702e+01
9.214214214214212717e+00 4.448691460530223907e+00
9.195195195195193349e+00 8.631610063292669111e+00
9.176176176176173982e+00 7.699010681328234185e+00
9.157157157157156391e+00 9.984529114154041096e+00
9.138138138138137023e+00 1.723754446543258112e+01
9.119119119119117656e+00 1.984823621236727220e+01
9.100100100100098288e+00 3.293260083550522666e+01
9.081081081081078921e+00 7.365378821352678074e+00
9.062062062062061329e+00 2.711328722362667776e+01
9.043043043043041962e+00 1.505114438025066548e+01
9.024024024024022594e+00 1.661719514125750408e+01
9.005005005005003227e+00 2.378066175889076561e+01
8.985985985985983859e+00 5.723383715455664600e+00
8.966966966966964492e+00 2.069184693447753531e+01
8.947947947947945124e+00 1.844926467954527283e+01
8.928928928928929309e+00 2.162609974662400703e+01
8.909909909909909942e+00 1.950997446037040106e+01
8.890890890890890574e+00 4.108785008337873279e+01
8.871871871871871207e+00 1.007387496672399507e+01
8.852852852852851839e+00 1.105760010277874628e+01
8.833833833833832472e+00 1.005233270507329379e+01
8.814814814814813104e+00 1.064501236168668541e+01
8.795795795795793737e+00 9.741162081350285717e+00
8.776776776776774369e+00 2.791794806652903205e+01
8.757757757757755002e+00 3.014546413201962594e+01
8.738738738738735634e+00 1.014549118926688465e+01
8.719719719719719819e+00 7.441829312806889973e+00
8.700700700700700452e+00 2.039187376931537443e+01
8.681681681681681084e+00 1.006772717325706701e+01
8.662662662662661717e+00 2.183142495818168172e+01
8.643643643643642349e+00 1.744339991094290809e+01
8.624624624624622982e+00 1.687088287385414276e-01
8.605605605605603614e+00 3.071310268296826251e+01
8.586586586586584247e+00 3.310657598937086021e+01
8.567567567567564879e+00 8.928721139182536959e+00
8.548548548548545511e+00 1.108833374544078332e+01
8.529529529529529697e+00 1.773267984439239342e+01
8.510510510510510329e+00 1.812721017414896352e+01
8.491491491491490962e+00 2.127664336444328441e+01
8.472472472472471594e+00 3.470175076636814282e+01
8.453453453453452227e+00 1.273868748490022362e+01
8.434434434434432859e+00 6.433594741177569354e+00
8.415415415415413491e+00 5.317395750826801049e-01
8.396396396396394124e+00 6.923422705773494279e+00
8.377377377377374756e+00 1.380692607460048826e+01
8.358358358358355389e+00 3.198921537139803917e+01
8.339339339339339574e+00 8.772936174742325122e+00
8.320320320320320207e+00 1.609231566842484895e+01
8.301301301301300839e+00 1.359557197787689375e+01
8.282282282282281471e+00 2.554907955458480728e+01
8.263263263263262104e+00 3.883980169525061399e+01
8.244244244244242736e+00 8.167107472230490828e+00
8.225225225225223369e+00 8.486709418484799983e+00
8.206206206206204001e+00 2.372801445414912536e+01
8.187187187187184634e+00 2.000879839679322814e+01
8.168168168168165266e+00 3.155955373589428348e+01
8.149149149149149451e+00 1.883436310263155633e+01
8.130130130130130084e+00 9.304768644931410648e+00
8.111111111111110716e+00 1.870685612903471196e+01
8.092092092092091349e+00 2.378997540448308001e+01
8.073073073073071981e+00 2.081040874317238121e+01
8.054054054054052614e+00 1.758099334891766219e+01
8.035035035035033246e+00 2.307768728358497512e+01
8.016016016016013879e+00 2.400660760693505935e+01
7.996996996996994511e+00 2.603756818672977857e+01
7.977977977977975144e+00 1.860329719596790454e+01
7.958958958958959329e+00 1.034527343163565938e+01
7.939939939939939961e+00 1.338388547498178305e+01
7.920920920920920594e+00 2.388217331861306647e+01
7.901901901901901226e+00 3.548105386292226271e+00
7.882882882882881859e+00 1.530461907293880230e+01
7.863863863863862491e+00 7.584969947141782853e+00
7.844844844844843124e+00 1.170632878467078797e+01
7.825825825825823756e+00 2.410397451945750902e+01
7.806806806806804389e+00 1.313107785605566491e+01
7.787787787787785021e+00 1.158358238987608679e+01
7.768768768768765653e+00 -2.581021201587164526e+00
7.749749749749749839e+00 1.837846383844371445e+01
7.730730730730730471e+00 1.726922570269087487e+01
7.711711711711711104e+00 3.234545595897881753e+01
7.692692692692691736e+00 7.533723293165331292e+00
7.673673673673672369e+00 1.270168050855252595e+01
7.654654654654653001e+00 1.290276245528246513e+01
7.635635635635633633e+00 2.608228588855396879e+01
7.616616616616614266e+00 9.253706354270965662e+00
7.597597597597594898e+00 1.289557669108062576e+01
7.578578578578575531e+00 1.608109263318769422e+01
7.559559559559559716e+00 1.176507522526570071e+01
7.540540540540540349e+00 5.331596846044150517e+00
7.521521521521520981e+00 1.163387717465904636e+01
7.502502502502501613e+00 2.032643639993104401e+01
7.483483483483482246e+00 -7.777928408680132577e-01
7.464464464464462878e+00 1.071439931558868608e+01
7.445445445445443511e+00 2.280940653684068842e+00
7.426426426426424143e+00 2.113016659723032120e+01
7.407407407407404776e+00 -6.154509759232041688e+00
7.388388388388385408e+00 3.384563668949407855e+00
7.369369369369369593e+00 1.264157954338116596e+01
7.350350350350350226e+00 2.442049682509004072e+01
7.331331331331330858e+00 8.003668252116703741e+00
7.312312312312311491e+00 3.005210941174039974e+00
7.293293293293292123e+00 2.726493473641009047e+01
7.274274274274272756e+00 -6.130492396304052960e+00
7.255255255255253388e+00 -1.374200392835273732e+01
7.236236236236234021e+00 1.254273777797352274e+01
7.217217217217214653e+00 3.018719524998028092e+00
7.198198198198195286e+00 -2.276465876136526845e+00
7.179179179179179471e+00 1.491424554759841214e+01
7.160160160160160103e+00 1.016364679481997513e+01
7.141141141141140736e+00 1.979953355039094198e+00
7.122122122122121368e+00 -5.287060774877923031e+00
7.103103103103102001e+00 1.613594508087596680e+01
7.084084084084082633e+00 1.380891954556143730e+01
7.065065065065063266e+00 6.210834471706810689e+00
7.046046046046043898e+00 2.556479936427768251e+01
7.027027027027024531e+00 -3.706428904941030389e+00
7.008008008008005163e+00 -8.364689204048154636e+00
6.988988988988985795e+00 -1.334040844514241542e-01
6.969969969969969981e+00 6.224228429802003859e+00
6.950950950950950613e+00 9.008058647296296684e+00
6.931931931931931246e+00 4.057044194638292467e+00
6.912912912912911878e+00 9.884866832560785355e+00
6.893893893893892511e+00 -6.256004182309747641e+00
6.874874874874873143e+00 2.059228400883808163e+01
6.855855855855853775e+00 5.228546534034976823e+00
6.836836836836834408e+00 1.711861105339341194e+01
6.817817817817815040e+00 9.268676382866804175e+00
6.798798798798795673e+00 1.030477490942043772e+01
6.779779779779779858e+00 1.132902154717282173e+01
6.760760760760760490e+00 1.000272540969702817e+01
6.741741741741741123e+00 1.184734516306784613e+01
6.722722722722721755e+00 1.860630899301801122e+01
6.703703703703702388e+00 7.174851588578058603e+00
6.684684684684683020e+00 1.219472509931439674e+01
6.665665665665663653e+00 4.102571663332355456e+00
6.646646646646644285e+00 1.929653657266033662e+01
6.627627627627624918e+00 -1.972925956269472536e+00
6.608608608608605550e+00 2.269623248644086289e+01
6.589589589589589735e+00 4.180184911851865692e+00
6.570570570570570368e+00 -9.831750792839624609e+00
6.551551551551551000e+00 5.651487473462026401e+00
6.532532532532531633e+00 -2.545421019314230371e+00
6.513513513513512265e+00 1.256639380474818779e+01
6.494494494494492898e+00 -2.471206402116162160e+00
6.475475475475473530e+00 -5.115117490481551066e-01
6.456456456456454163e+00 -1.504957968799130086e+01
6.437437437437434795e+00 -7.815131764213116838e-01
6.418418418418415428e+00 -2.060130190537982031e+01
6.399399399399399613e+00 -1.230544079411513181e+01
6.380380380380380245e+00 1.103203905619656311e+01
6.361361361361360878e+00 1.118042737601767200e+01
6.342342342342341510e+00 7.471764698658826198e+00
6.323323323323322143e+00 -6.557577342701028655e+00
6.304304304304302775e+00 2.530299049246295340e+00
6.285285285285283408e+00 2.866850735854720611e+00
6.266266266266264040e+00 -8.785070740917095833e+00
6.247247247247244673e+00 1.772849740092759063e+01
6.228228228228225305e+00 1.136431514439246371e+01
6.209209209209205937e+00 2.774697141784709942e-01
6.190190190190190123e+00 2.651453095549184180e+00
6.171171171171170755e+00 4.361048422945364322e+00
6.152152152152151388e+00 -1.824525105435620986e+01
6.133133133133132020e+00 -4.045454896762259445e-01
6.114114114114112652e+00 -4.857228424145006329e+00
6.095095095095093285e+00 -8.157943690080941224e+00
6.076076076076073917e+00 -1.056845901757022199e+00
6.057057057057054550e+00 1.962718280235617385e+01
6.038038038038035182e+00 7.955168202287733692e+00
6.019019019019015815e+00 -4.268364955013670858e+00
6.000000000000000000e+00 7.066202996375418266e+00
