   29.800000000000001        1.6793993251081720E-028   1.6793993251081720E-028
   29.600000000000001        2.0687099433729809E-028   2.0687099433729809E-028
   29.399999999999999        2.5458349520606998E-028   2.5458349520606998E-028
   29.199999999999999        3.1300245812252976E-028   3.1300245812252976E-028
   29.000000000000000        3.8446254207757489E-028   3.8446254207757489E-028
   28.800000000000001        4.7179255673696550E-028   4.7179255673696550E-028
   28.600000000000001        5.7924717562672957E-028   5.7924717562672957E-028
   28.399999999999999        7.0847698911054908E-028   7.0847698911054908E-028
   28.199999999999999        8.6697718703473121E-028   8.6697718703473121E-028
   28.000000000000000        1.0599587652643604E-027   1.0599587652643604E-027
   27.800000000000001        1.2947084019819308E-027   1.2947084019819308E-027
   27.600000000000001        1.5800070920311536E-027   1.5800070920311536E-027
   27.399999999999999        1.9263769580777538E-027   1.9263769580777538E-027
   27.199999999999999        2.0844729058975592E-027   2.3466490031365571E-027
   27.000000000000000        2.2625562138371299E-027   2.8575061346899131E-027
   26.800000000000001        2.5901451585150510E-027   3.4729548630599508E-027
   26.600000000000001        3.0887576063119769E-027   4.2193815423400810E-027
   26.399999999999999        3.7671123394258368E-027   5.1217503885172069E-027
   26.199999999999999        4.6251368436853486E-027   6.2117071253020023E-027
   26.000000000000000        5.6654073138359812E-027   7.5271328327498654E-027
   25.800000000000001        6.9066947976287972E-027   9.1133369346965133E-027
   25.600000000000001        8.3894327611261740E-027   1.1024472325128548E-026
   25.399999999999999        1.0171900522192191E-026   1.3324545428581328E-026
   25.199999999999999        1.2323725050387279E-026   1.6091852711528332E-026
   25.000000000000000        1.4923276066540450E-026   1.9417934009580988E-026
   24.800000000000001        1.8060668689467948E-026   2.3412461966341041E-026
   24.600000000000001        2.1842573495453260E-026   2.8206041585063499E-026
   24.399999999999999        2.6397104180378373E-026   3.3954099457008210E-026
   24.199999999999999        3.1878328031655911E-026   4.0841478578964016E-026
   24.000000000000000        3.8471005790286171E-026   4.9087864876253756E-026
   23.800000000000001        4.6396142223355518E-026   5.8954190643605363E-026
   23.600000000000001        5.5917678826692938E-026   7.0750187334148186E-026
   23.399999999999999        6.7350546340528874E-026   8.4843293858847803E-026
   23.199999999999999        8.1070260335819124E-026   1.0166915915383161E-025
   23.000000000000000        9.7524306672790433E-026   1.2174401740127442E-025
   22.800000000000001        1.1724562425983245E-025   1.4567923730256946E-025
   22.600000000000001        1.4086857647189822E-025   1.7419859692298486E-025
   22.399999999999999        1.6914785822553427E-025   2.0815837312821707E-025
   22.199999999999999        2.0298084099976006E-025   2.4844859122813306E-025
   22.000000000000000        2.4343590346439364E-025   2.9663414992513338E-025
   21.799999999999997        2.9177317652420566E-025   3.5376152504688061E-025
   21.600000000000001        3.4950402848302694E-025   4.2162380070212535E-025
   21.399999999999999        4.1841037309350946E-025   5.0219315362120123E-025
   21.199999999999999        5.0060850134455919E-025   5.9779715833668453E-025
   21.000000000000000        5.9860780934909605E-025   7.1118191200610493E-025
   20.799999999999997        7.1538198547704064E-025   8.4558628110662938E-025
   20.600000000000001        8.5445361404768912E-025   1.0048292654334603E-024
   20.399999999999999        1.0199939375552641E-024   1.1934127179744869E-024
   20.199999999999999        1.2169404698813972E-024   1.4166421272620281E-024
   20.000000000000000        1.4511357458080283E-024   1.6807687368728499E-024
   19.799999999999997        1.7294910410524312E-024   1.9931566815923312E-024
   19.600000000000001        2.0601794168272267E-024   2.3624796257819822E-024
   19.399999999999999        2.4528631823110375E-024   2.7989522778648397E-024
   19.199999999999999        2.9197012597400568E-024   3.3146028142508280E-024
   19.000000000000000        3.4719714298101124E-024   3.9235935689922227E-024
   18.799999999999997        4.1278337681286263E-024   4.6425985682542242E-024
   18.600000000000001        4.9053814972766904E-024   5.4912479242054577E-024
   18.399999999999999        5.8268556670590072E-024   6.4926515721484402E-024
   18.199999999999999        6.9185196923572719E-024   7.6740163199530921E-024
   18.000000000000000        8.2113826369975836E-024   9.0673727197421764E-024
   17.799999999999997        9.7420524606622994E-024   1.0710432706498867E-023
   17.600000000000001        1.1553270747367094E-023   1.2647600827390748E-023
   17.399999999999999        1.3697469941897997E-023   1.4931167480100596E-023
   17.199999999999999        1.6233446119511706E-023   1.7622716456324533E-023
   17.000000000000000        1.9232751429579329E-023   2.0794786528152097E-023
   16.799999999999997        2.2779289636976078E-023   2.4532834954536462E-023
   16.600000000000001        2.6972109347092412E-023   2.8937555170036053E-023
   16.399999999999999        3.1928148630082388E-023   3.4127618927802598E-023
   16.199999999999999        3.7785480680467290E-023   4.0242918260565741E-023
   16.000000000000000        4.4707155937456990E-023   4.7448402773703304E-023
   15.799999999999999        5.2885744531304228E-023   5.5938622239440909E-023
   15.600000000000000        6.2548716549566771E-023   6.5943098040744047E-023
   15.399999999999999        7.3964816597634893E-023   7.7732687191744172E-023
   15.199999999999999        8.7451613097693866E-023   9.1627128912768558E-023
   15.000000000000000        1.0338446417238015E-022   1.0800398462459658E-022
   14.799999999999999        1.2220715351726951E-022   1.2730923990530859E-022
   14.600000000000000        1.4444449270118736E-022   1.5006989282889777E-022
   14.399999999999999        1.7071726012111665E-022   1.7690889076550774E-022
   14.199999999999999        2.0175996520676697E-022   2.0856286066673673E-022
   14.000000000000000        2.3844193565278314E-022   2.4590261802805484E-022
   13.800000000000001        2.8179236209358859E-022   2.8996083773674325E-022
   13.599999999999998        3.3303004762235404E-022   3.4195643666138331E-022
   13.399999999999999        3.9359879188496515E-022   4.0333517814310394E-022
   13.199999999999999        4.6520929567448667E-022   4.7580885392911805E-022
   13.000000000000000        5.4989214901462591E-022   5.6140559972867885E-022
   12.800000000000001        6.5004238671803716E-022   6.6252904782804938E-022
   12.599999999999998        7.6856245158473247E-022   7.8202846133047162E-022
   12.399999999999999        9.0868700924344784E-022   9.2328169960290732E-022
   12.199999999999999        1.0745659041419694E-021   1.0902936835785961E-021
   12.000000000000000        1.2709009505545378E-021   1.2878128977879135E-021
   11.800000000000001        1.5033242996985257E-021   1.5214689064744156E-021
   11.599999999999998        1.7785117800142009E-021   1.7979348130265545E-021
   11.399999999999999        2.1043741657392431E-021   2.1251327922806719E-021
   11.199999999999999        2.4902809188917925E-021   2.5123820744168358E-021
   11.000000000000000        2.9473211919471812E-021   2.9708115964965708E-021
   10.799999999999997        3.4886081698879793E-021   3.5135133370060346E-021
   10.599999999999998        4.1296310712135212E-021   4.1559693900223969E-021
   10.399999999999999        4.8886598214172207E-021   4.9164411562626788E-021
   10.199999999999999        5.7872084252520917E-021   5.8164328787030178E-021
   10.000000000000000        6.8505582291960862E-021   6.8812161475182700E-021
   9.7999999999999972        8.1083464596199798E-021   8.1404167061188970E-021
   9.5999999999999979        9.5952150342727603E-021   9.6286631762212256E-021
   9.3999999999999986        1.1351512978164110E-020   1.1386291302949215E-020
   9.1999999999999993        1.3424052457899196E-020   1.3460099675198660E-020
   9.0000000000000000        1.5866891456884205E-020   1.5904129890659512E-020
   8.7999999999999972        1.8742114249202683E-020   1.8780450025036091E-020
   8.5999999999999979        2.2120566190245730E-020   2.2159893238694772E-020
   8.3999999999999986        2.6084632101995244E-020   2.6122702459659938E-020
   8.1999999999999993        3.0718060769229329E-020   3.0758990994893257E-020
   8.0000000000000000        3.6127438916800671E-020   3.6168939471184906E-020
   7.7999999999999972        4.2420698419294349E-020   4.2462594644068413E-020
   7.5999999999999979        4.9716994469589556E-020   4.9759133994155230E-020
   7.3999999999999986        5.8143250853989562E-020   5.8185379113126630E-020
   7.1999999999999993        6.7831468218505563E-020   6.7873379805348962E-020
   7.0000000000000000        7.8915464146984223E-020   7.8956939355001572E-020
   6.7999999999999972        9.1525861100960898E-020   9.1566659023650338E-020
   6.5999999999999979        1.0578365779608458E-019   1.0582356010815681E-019
   6.3999999999999986        1.2179197931711658E-019   1.2183070887414780E-019
   6.1999999999999993        1.3962605937726168E-019   1.3966336415263633E-019
   6.0000000000000000        1.5932130310139313E-019   1.5935693350567344E-019
   5.7999999999999972        1.8085961300770653E-019   1.8089346095962474E-019
   5.5999999999999979        2.0414128456020414E-019   2.0418649408106681E-019
   5.3999999999999986        2.2900001355378475E-019   2.2906599478847703E-019
   5.1999999999999993        2.5516872891982151E-019   2.5526248136642837E-019
   5.0000000000000000        2.8226462103435951E-019   2.8239337478279501E-019
   4.7999999999999972        3.0978152237914298E-019   3.0995222201493626E-019
   4.5999999999999979        3.3708476086837262E-019   3.3730285385057092E-019
   4.3999999999999986        3.6341301853640476E-019   3.6368042417180222E-019
   4.1999999999999993        3.8788815670282376E-019   3.8820264020648037E-019
   4.0000000000000000        4.0953664631248685E-019   4.0989063600146707E-019
   3.7999999999999972        4.2732488298982791E-019   4.2770410647716303E-019
   3.5999999999999979        4.4022615427789836E-019   4.4058937022050948E-019
   3.3999999999999986        4.4722498285458378E-019   4.4754115514834882E-019
   3.1999999999999993        4.4742341083410848E-019   4.4767577628880192E-019
   3.0000000000000000        4.4013285162880749E-019   4.4031222240288440E-019
   2.7999999999999972        4.2495247230969935E-019   4.2505510296611753E-019
   2.5999999999999979        4.0184770506863092E-019   4.0187305765806615E-019
   2.3999999999999986        3.7121184548293038E-019   3.7116301897369944E-019
   2.1999999999999993        3.3390472726313562E-019   3.3378641342528177E-019
   2.0000000000000000        2.9125597102157689E-019   2.9107524838710053E-019
   1.7999999999999972        2.4502424388699590E-019   2.4479045762722525E-019
   1.5999999999999979        1.9730671027273652E-019   1.9702974026841611E-019
   1.3999999999999986        1.5039692471677730E-019   1.5008907706661980E-019
   1.1999999999999993        1.0659717420617941E-019   1.0627148596208617E-019
   1.0000000000000000        6.7997622587941467E-020   6.7667828952103813E-020
  0.79999999999999716        3.6245399600769909E-020   3.5925219303923503E-020
  0.59999999999999787        1.2333897058002386E-020   1.2036139053005545E-020
  0.39999999999999858        0.0000000000000000        0.0000000000000000     
  0.19999999999999929        0.0000000000000000        0.0000000000000000     
   0.0000000000000000        0.0000000000000000        0.0000000000000000        
