   29.800000000000001        1.4478595643849113E-028   1.4478595643849113E-028
   29.600000000000001        1.7848579464915820E-028   1.7848579464915820E-028
   29.399999999999999        2.1981864586472256E-028   2.1981864586472256E-028
   29.199999999999999        2.7046520162208280E-028   2.7046520162208280E-028
   29.000000000000000        3.3246965109603522E-028   3.3246965109603522E-028
   28.800000000000001        4.0830306050288862E-028   4.0830306050288862E-028
   28.600000000000001        5.0496847164114332E-028   5.0496847164114332E-028
   28.399999999999999        6.1014592841034901E-028   6.1014592841034901E-028
   28.199999999999999        7.5204646801930501E-028   7.5204646801930501E-028
   28.000000000000000        9.2015829774387985E-028   9.2015829774387985E-028
   27.800000000000001        1.1248190029857875E-027   1.1248190029857875E-027
   27.600000000000001        1.3737484787502515E-027   1.3737484787502515E-027
   27.399999999999999        1.6759972367838746E-027   1.6759972367838746E-027
   27.199999999999999        2.2848469943771976E-027   2.0435751599149559E-027
   27.000000000000000        4.3279290362128562E-027   2.4964873632481824E-027
   26.800000000000001        6.2919200624308989E-027   3.0219025360841596E-027
   26.600000000000001        8.1868749402905358E-027   3.6830370499883605E-027
   26.399999999999999        1.0092325209546668E-026   4.4741857797756918E-027
   26.199999999999999        1.2128782864725294E-026   5.4305619753078905E-027
   26.000000000000000        1.4483709657628501E-026   6.5856910223422007E-027
   25.800000000000001        1.7349143316977823E-026   7.9797044450339237E-027
   25.600000000000001        2.0878543751359538E-026   9.6606057310419735E-027
   25.399999999999999        2.5182449498780415E-026   1.1682201378031733E-026
   25.199999999999999        3.0374638298281867E-026   1.4122452338146509E-026
   25.000000000000000        3.6595769159331994E-026   1.7054652825754702E-026
   24.800000000000001        4.4029933105231509E-026   2.0578891648394892E-026
   24.600000000000001        5.2911756075872044E-026   2.4811399941259937E-026
   24.399999999999999        6.3519952625524417E-026   2.9890602224739330E-026
   24.199999999999999        7.6205183413321388E-026   3.5981245243462441E-026
   24.000000000000000        9.1272237766164178E-026   4.3279279794367529E-026
   23.800000000000001        1.0924152192384255E-025   5.2017614176112485E-026
   23.600000000000001        1.3061025795425830E-025   6.2472902806763302E-026
   23.399999999999999        1.5599158254188360E-025   7.4973572815299694E-026
   23.199999999999999        1.8610487357669662E-025   8.9909290283100730E-026
   23.000000000000000        2.2179347030400093E-025   1.0774210544973958E-025
   22.800000000000001        2.6404521025103563E-025   1.2901959299046717E-025
   22.600000000000001        3.1401622954041369E-025   1.5439037544043864E-025
   22.399999999999999        3.7305850810611661E-025   1.8462236394334065E-025
   22.199999999999999        4.4201272298361899E-025   2.1988527566414038E-025
   22.000000000000000        5.2487577884596974E-025   2.6419378801763351E-025
   21.799999999999997        6.2185882077454164E-025   3.1443231522244230E-025
   21.600000000000001        7.3576490104826389E-025   3.7501062681472160E-025
   21.399999999999999        8.6982912522667102E-025   4.4697895911801261E-025
   21.199999999999999        1.0273865557163742E-024   5.3243252693108653E-025
   21.000000000000000        1.2123903452696853E-024   6.3384265062965509E-025
   20.799999999999997        1.4294504411057993E-024   7.5412687100852616E-025
   20.600000000000001        1.6839290447413420E-024   8.9672671695714281E-025
   20.399999999999999        1.9820586045022970E-024   1.0657008009306043E-024
   20.199999999999999        2.3310799291265727E-024   1.2658340034230527E-024
   20.000000000000000        2.7394029748173945E-024   1.5027663681224082E-024
   19.799999999999997        3.2167923171967835E-024   1.7831442261712113E-024
   19.600000000000001        3.7745820291112690E-024   2.1147982820158386E-024
   19.399999999999999        4.4259265498328269E-024   2.5069538312083495E-024
   19.199999999999999        5.1860920174063748E-024   2.9704771444293776E-024
   19.000000000000000        6.0727942660369489E-024   3.5181659549183579E-024
   18.799999999999997        7.1065875123781399E-024   4.1650912308419386E-024
   18.600000000000001        8.3113173245066854E-024   4.9289984030890636E-024
   18.399999999999999        9.7146515739067587E-024   5.8307827020101269E-024
   18.199999999999999        1.1348697015596513E-023   6.8950476127100528E-024
   18.000000000000000        1.3250716523474441E-023   8.1507615266022798E-024
   17.799999999999997        1.5463974041510281E-023   9.6320361114468299E-024
   17.600000000000001        1.8038720785329993E-023   1.1379039248292116E-023
   17.399999999999999        2.1033343892655903E-023   1.3439074545861907E-023
   17.199999999999999        2.4515703444904306E-023   1.5867851196981020E-023
   17.000000000000000        2.8564707808941977E-023   1.8730984639804261E-023
   16.799999999999997        3.3272167738157930E-023   2.2105775576950823E-023
   16.600000000000001        3.8744956006526556E-023   2.6083294444014651E-023
   16.399999999999999        4.5107557853444821E-023   3.0770866402834984E-023
   16.199999999999999        5.2505058051725826E-023   3.6294992269255779E-023
   16.000000000000000        6.1106656499634793E-023   4.2804815922973248E-023
   15.799999999999999        7.1109819804125036E-023   5.0476222233614408E-023
   15.600000000000000        8.2745186738782482E-023   5.9516658152204714E-023
   15.399999999999999        9.6282345853358832E-023   7.0170867835264813E-023
   15.199999999999999        1.1203669106141362E-022   8.2727700066323034E-023
   15.000000000000000        1.3037749745219024E-022   9.7528120566985086E-023
   14.799999999999999        1.5173737533630540E-022   1.1497474314598462E-022
   14.600000000000000        1.7662352169973779E-022   1.3554318191641288E-022
   14.399999999999999        2.0563113219289956E-022   1.5979546140690207E-022
   14.199999999999999        2.3945931215861285E-022   1.8839592645422314E-022
   14.000000000000000        2.7892978171297343E-022   2.2213007839225567E-022
   13.800000000000001        3.2500909940629689E-022   2.6192701325066093E-022
   13.599999999999998        3.7883513956416148E-022   3.0888618593739346E-022
   13.399999999999999        4.4174834191703778E-022   3.6430881109214064E-022
   13.199999999999999        5.1532843994579926E-022   4.2973523847161458E-022
   13.000000000000000        6.0143897309206377E-022   5.0698977133071916E-022
   12.800000000000001        7.0225652785809966E-022   5.9823389062390692E-022
   12.599999999999998        8.2044277895431546E-022   7.0602880860817149E-022
   12.399999999999999        9.5902655981988653E-022   8.3340885845156273E-022
   12.199999999999999        1.1216339995679339E-021   9.8397022129625054E-022
   12.000000000000000        1.3125199285648411E-021   1.1619260030553064E-021
   11.800000000000001        1.5354884838384355E-021   1.3725229384327658E-021
   11.599999999999998        1.8006747245786494E-021   1.6214574850134721E-021
   11.399999999999999        2.1111420630079207E-021   1.9161844589335187E-021
   11.199999999999999        2.4762082767130919E-021   2.2643676229063047E-021
   11.000000000000000        2.9063341952929220E-021   2.6769563458162386E-021
   10.799999999999997        3.4130979768921570E-021   3.1650292030721865E-021
   10.599999999999998        4.0103706747057696E-021   3.7426269607110876E-021
   10.399999999999999        4.7145055798030117E-021   4.4261152277743472E-021
   10.199999999999999        5.5447569155014887E-021   5.2347716002168677E-021
   10.000000000000000        6.5237519534527570E-021   6.1912592630681904E-021
   9.7999999999999972        7.6780233019380138E-021   7.3221579857503814E-021
   9.5999999999999979        9.0385930758080361E-021   8.6585530054150856E-021
   9.3999999999999986        1.0641596588997575E-020   1.0236677286940690E-020
   9.1999999999999993        1.2529039312401391E-020   1.2098621456351303E-020
   9.0000000000000000        1.4749489145005304E-020   1.4293052196509668E-020
   8.7999999999999972        1.7358803179349255E-020   1.6875958687840248E-020
   8.5999999999999979        2.0420843633362314E-020   1.9911349807011103E-020
   8.3999999999999986        2.4008154400164573E-020   2.3471918486275735E-020
   8.1999999999999993        2.8202408362523645E-020   2.7639496582358075E-020
   8.0000000000000000        3.3094661254024614E-020   3.2505366010105929E-020
   7.7999999999999972        3.8785374420909256E-020   3.8170206073961323E-020
   7.5999999999999979        4.5383920834997906E-020   4.4743624234349391E-020
   7.3999999999999986        5.3007765796078518E-020   5.2342919005352520E-020
   7.1999999999999993        6.1778399810226026E-020   6.1091004658025076E-020
   7.0000000000000000        7.1822557036393076E-020   7.1113842250813913E-020
   6.7999999999999972        8.3264323760341613E-020   8.2536180238680761E-020
   6.5999999999999979        9.6220975802118490E-020   9.5475452800489362E-020
   6.3999999999999986        1.1079576115623795E-019   1.1003530957466453E-019
   6.1999999999999993        1.2706878437682277E-019   1.2629610744852362E-019
   6.0000000000000000        1.4508679164605734E-019   1.4430499635947198E-019
   5.7999999999999972        1.6485185727932065E-019   1.6406433771822036E-019
   5.5999999999999979        1.8655268674555745E-019   1.8550887611975078E-019
   5.3999999999999986        2.1001281170143014E-019   2.0851564075774567E-019
   5.1999999999999993        2.3498391708686581E-019   2.3285620417021389E-019
   5.0000000000000000        2.6116164058180498E-019   2.5820779800232294E-019
   4.7999999999999972        2.8813091368784444E-019   2.8413174414562961E-019
   4.5999999999999979        3.1534395615188010E-019   3.1006954768317356E-019
   4.3999999999999986        3.4209903326974463E-019   3.3533689682189100E-019
   4.1999999999999993        3.6755945325242791E-019   3.5913981164076653E-019
   4.0000000000000000        3.9076829910540273E-019   3.8058098652036919E-019
   3.7999999999999972        4.1066113616474985E-019   3.9869464264287108E-019
   3.5999999999999979        4.2580929911707721E-019   4.1248519017399930E-019
   3.3999999999999986        4.3489875996559491E-019   4.2098615246655986E-019
   3.1999999999999993        4.3735739893161886E-019   4.2331980503682747E-019
   3.0000000000000000        4.3263238129780719E-019   4.1877983580201463E-019
   2.7999999999999972        4.2033523717008114E-019   4.0688880800878958E-019
   2.5999999999999979        4.0039391299131327E-019   3.8752124252160405E-019
   2.3999999999999986        3.7307180250283744E-019   3.6090575375374154E-019
   2.1999999999999993        3.3907189302036975E-019   3.2772222997948562E-019
   2.0000000000000000        2.9953488846439801E-019   2.8908395216657558E-019
   1.7999999999999972        2.5602594825703661E-019   2.4653658161516310E-019
   1.5999999999999979        2.1044885408697250E-019   2.0195720451285289E-019
   1.3999999999999986        1.6493584656492892E-019   1.5746071325494686E-019
   1.1999999999999993        1.2167800213674837E-019   1.1521618347057439E-019
   1.0000000000000000        8.2725093272119477E-020   7.7250988141460461E-020
  0.79999999999999716        4.9766830448649725E-020   4.5231763874432595E-020
  0.59999999999999787        2.3930120929466338E-020   2.0263641538960276E-020
  0.39999999999999858        5.6263795717209058E-021   2.7366120739759139E-021
  0.19999999999999929        0.0000000000000000        0.0000000000000000     
   0.0000000000000000        0.0000000000000000        0.0000000000000000     
