2.500000000000000000e+01 1.000000000000000021e-08 5.921000000000000085e+01 4.580143057564153963e+00 9.999999999999999791e-17 1.000000000000000036e-10 5.921000000000000085e+01 4.580143057564153963e+00 0.000000000000000000e+00 0.000000000000000000e+00 0.000000000000000000e+00 0.000000000000000000e+00 1.824348240000000132e+01 1.824348240000000132e+01 1.824348240000000132e+01 -0.000000000000000000e+00 -0.000000000000000000e+00 -0.000000000000000000e+00 9.997315544683131883e-01
2.480000000000000071e+01 2.275656604645532914e-06 5.921000000000000085e+01 4.582557265316505202e+00 2.287423609390993900e+20 6.603673879240768679e-08 5.921000000000000085e+01 4.582557265316505202e+00 4.928104774869898854e+19 1.793583999741160733e+04 6.172490036901762511e-20 1.617486743086147003e-23 1.825245324773244349e+01 1.790692536625068169e+05 1.790692536625068169e+05 4.514384496243300333e-04 1.246527412756165171e-04 3.267857083487134620e-04 9.997295392390641577e-01
2.460000000000000142e+01 4.896583841780702631e-06 5.921000000000000085e+01 4.583325274753184964e+00 1.041198976701132628e+23 1.270052645623337614e-07 5.921000000000000085e+01 4.583325274753184964e+00 3.199582866562900558e+22 4.017753343795565257e+01 3.235044464860093414e-17 1.209168662322470062e-20 1.811632615068132068e+01 1.228160796530172229e+05 1.213294734466018563e+05 5.294063729453271335e-04 1.442518517977569204e-04 3.851545211475702131e-04 9.997271143907273672e-01
2.439999999999999858e+01 7.892537202730473894e-06 5.921000000000000085e+01 4.584179928977908602e+00 1.143828010264993349e+23 1.775879758162521972e-07 5.921000000000000085e+01 4.584179928977908602e+00 3.505223993131703835e+22 3.729676883332390247e+01 4.083894047830747013e-17 1.522216809844769079e-20 1.790363875899619117e+01 8.630079298888282210e+04 8.416641016281720658e+04 6.200081764147598795e-04 1.668801094444040888e-04 4.531280669703558178e-04 9.997243480806012883e-01
2.419999999999999929e+01 1.122822796469939058e-05 5.921000000000000085e+01 4.585093316812766773e+00 1.141581318556019862e+23 2.126258445053392516e-07 5.921000000000000085e+01 4.585093316812766773e+00 3.379991689276687175e+22 3.811599938562006429e+01 4.674773191943976740e-17 1.683512413741696724e-20 1.764091284792801417e+01 6.102778623497218359e+04 5.874879662484114669e+04 7.251403955124063406e-04 1.929580738460555096e-04 5.321823216663508580e-04 9.997212433164677226e-01
2.400000000000000000e+01 1.481944348242932957e-05 5.921000000000000085e+01 4.586056035857806634e+00 1.099610226469287347e+23 2.305597707698016286e-07 5.921000000000000085e+01 4.586056035857806634e+00 3.089734596168277767e+22 4.036695496930503424e+01 5.153710377770888018e-17 1.761365207640900830e-20 1.734991817227367150e+01 4.354384372804680606e+04 4.154586149362361175e+04 8.469582863674885104e-04 2.231235015943025090e-04 6.238347847731859743e-04 9.997178843865965892e-01
2.380000000000000071e+01 1.854276470949294982e-05 5.921000000000000085e+01 4.587060024874253905e+00 1.042727046082089577e+23 2.349742979149285563e-07 5.921000000000000085e+01 4.587060024874253905e+00 2.761201256888160118e+22 4.343243550370192452e+01 5.591755785677872602e-17 1.801036932996090805e-20 1.704643313255820303e+01 3.150992732845206046e+04 3.012415861826605760e+04 9.879069418429976737e-04 2.567158539150465532e-04 7.311910879279512289e-04 9.997143948921191070e-01
2.360000000000000142e+01 2.225018660002081722e-05 5.921000000000000085e+01 4.588099269790375523e+00 9.853380530440260865e+22 2.332539351648375427e-07 5.921000000000000085e+01 4.588099269790375523e+00 2.466664394345805985e+22 4.690187638780587065e+01 6.036590039120118287e-17 1.838076114007061432e-20 1.674210537621735995e+01 2.333367261944066558e+04 2.279378031839412506e+04 1.150755375394990534e-03 2.948820706869419769e-04 8.558733047080486654e-04 9.997109229256471163e-01
2.339999999999999858e+01 2.583872340734365348e-05 5.921000000000000085e+01 4.589169078673867475e+00 9.373750318093089898e+22 2.338518921030587639e-07 5.921000000000000085e+01 4.589169078673867475e+00 2.248749310164532095e+22 5.031812904880699477e+01 6.547925258885864084e-17 1.910637838215891047e-20 1.644584132780393304e+01 1.791820636897837176e+04 1.835086258116600584e+04 1.338633702649542380e-03 3.385664013448860333e-04 1.000067301304656238e-03 9.997075713126553076e-01
2.319999999999999929e+01 2.934240369385125732e-05 5.921000000000000085e+01 4.590265537719531608e+00 9.057958761279354254e+22 2.434710595182068947e-07 5.921000000000000085e+01 4.590265537719531608e+00 2.126918989216538742e+22 5.315484325484903394e+01 7.200891031551907876e-17 2.056619017750100793e-20 1.616399580628448973e+01 1.448284273050528100e+04 1.588792412015340597e+04 1.555073566159671794e-03 3.884837622661151514e-04 1.166589803893556751e-03 9.997043055826753122e-01
2.300000000000000000e+01 3.333097373042687080e-05 5.921000000000000085e+01 4.591385590961141183e+00 8.941373795105928066e+22 2.721673318513822902e-07 5.921000000000000085e+01 4.591385590961141183e+00 2.100421621731298168e+22 5.497666316758726168e+01 8.384931534076774266e-17 2.395790006429086980e-20 1.590305648310079434e+01 1.243719693983650541e+04 1.472674006404206557e+04 1.899176368051844243e-03 4.883618533842135371e-04 1.410814514667630597e-03 9.997005552514948157e-01
2.280000000000000071e+01 3.774542428108551708e-05 5.921000000000000085e+01 4.592525588047291052e+00 9.055852361504306233e+22 3.114577576417083764e-07 5.921000000000000085e+01 4.592525588047291052e+00 2.174478862377781350e+22 5.542913642204884894e+01 9.603704774338383360e-17 2.804863020754173097e-20 1.565967130447101674e+01 1.130954325147647614e+04 1.424196857841788187e+04 2.194745165071781447e-03 5.587313347234018016e-04 1.636013830348379428e-03 9.996963800832104896e-01
2.260000000000000142e+01 4.298389879670750258e-05 5.921000000000000085e+01 4.593687656059278090e+00 9.335014238096655280e+22 3.638924793526892767e-07 5.921000000000000085e+01 4.593687656059278090e+00 2.292878215620475853e+22 5.491790009130049555e+01 1.120774938415316260e-16 3.348354359501789093e-20 1.543352509742661205e+01 1.073682902580409245e+04 1.412405722775454342e+04 2.532933752230889356e-03 6.332741290674588370e-04 1.899659623163430736e-03 9.996913815909360679e-01
2.239999999999999858e+01 4.934514360520744015e-05 5.921000000000000085e+01 4.594872182602840027e+00 9.754721229666507345e+22 4.297174060314413596e-07 5.921000000000000085e+01 4.594872182602840027e+00 2.448858621622727632e+22 5.368506124938556923e+01 1.321929540702865452e-16 4.036492566409861774e-20 1.522336512514047158e+01 1.046917139722679894e+04 1.416118030666279628e+04 2.919331034389896582e-03 7.196776699716733554e-04 2.199653364418223227e-03 9.996852614782942847e-01
2.219999999999999929e+01 5.674255583276802275e-05 5.921000000000000085e+01 4.596080225107138872e+00 1.028913959785122476e+23 5.032481826281888358e-07 5.921000000000000085e+01 4.596080225107138872e+00 2.629679030448329798e+22 5.200055135417947838e+01 1.540444272975777504e-16 4.788689460058917908e-20 1.502612251039796121e+01 1.035753980301202682e+04 1.423514502912796161e+04 3.266938562183216693e-03 7.734271963794181861e-04 2.493511365803798615e-03 9.996781068587426988e-01
2.200000000000000000e+01 6.585011779709351923e-05 5.921000000000000085e+01 4.597314238175781220e+00 1.089791860706340902e+23 5.961580412973005708e-07 5.921000000000000085e+01 4.597314238175781220e+00 2.815051992773024966e+22 5.016984930926884800e+01 1.839677129096072019e-16 5.780048315144733866e-20 1.484524039483039459e+01 1.032336943059461191e+04 1.435416973712084837e+04 3.765136395165495468e-03 8.796241899728585905e-04 2.885512205192636553e-03 9.996692432953315777e-01
2.180000000000000071e+01 7.692009986153699693e-05 5.921000000000000085e+01 4.598572208475139256e+00 1.160064016536302560e+23 7.085105733916521498e-07 5.921000000000000085e+01 4.598572208475139256e+00 3.027952786652639370e+22 4.817101678783372165e+01 2.204031373549441030e-16 6.997322885072318538e-20 1.468171613779825613e+01 1.032647306678254063e+04 1.447081424448190410e+04 4.333183299044156625e-03 9.993824731170332289e-04 3.333800825927123613e-03 9.996584192472485197e-01
2.160000000000000142e+01 9.023734183234888198e-05 5.921000000000000085e+01 4.599853669433637826e+00 1.238843304639238106e+23 8.421756567691825259e-07 5.921000000000000085e+01 4.599853669433637826e+00 3.259548403084744563e+22 4.611224995046296016e+01 2.644038850191870769e-16 8.461666171894818624e-20 1.453725818494924305e+01 1.034771244039969315e+04 1.458357313395052552e+04 4.979872212850498282e-03 1.134534288711121393e-03 3.845337924139376889e-03 9.996453500132317371e-01
2.139999999999999858e+01 1.058367455216050970e-04 5.921000000000000085e+01 4.601157529975514748e+00 1.325651670073643138e+23 9.945241552520740656e-07 5.921000000000000085e+01 4.601157529975514748e+00 3.508664361308274452e+22 4.406088162207586123e+01 3.145346819491826062e-16 1.012576725834542821e-19 1.441202275152246060e+01 1.037780276366597354e+04 1.468301945668327608e+04 5.632848105270336914e-03 1.242454716109055559e-03 4.390393389161281572e-03 9.996300009383840557e-01
2.119999999999999929e+01 1.244570645648879865e-04 5.921000000000000085e+01 4.602483799971016865e+00 1.418951577285022450e+23 1.177897748216616887e-06 5.921000000000000085e+01 4.602483799971016865e+00 3.767434895735650674e+22 4.209703050694311344e+01 3.771733970616891625e-16 1.218053133213409248e-19 1.431140137805684986e+01 1.041259245213473150e+04 1.479042392931755785e+04 6.453882962594831296e-03 1.401189754893325534e-03 5.052693207701505762e-03 9.996116329913998788e-01
2.100000000000000000e+01 1.465455380241818611e-04 5.921000000000000085e+01 4.603828221128739351e+00 1.520537796100954280e+23 1.395200275029194941e-06 5.921000000000000085e+01 4.603828221128739351e+00 4.051051583988529994e+22 4.018336753049930365e+01 4.519443933171236235e-16 1.464544443281278905e-19 1.423875629082835736e+01 1.044973817675104328e+04 1.489369321716862760e+04 7.384206441477566239e-03 1.578860358450966681e-03 5.805346083026599775e-03 9.995897994694085131e-01
2.080000000000000071e+01 1.726295965945909121e-04 5.921000000000000085e+01 4.605187807177721027e+00 1.630424972318752238e+23 1.651100436901324637e-06 5.921000000000000085e+01 4.605187807177721027e+00 4.356253612011614215e+22 3.834042581669537952e+01 5.408657065882854814e-16 1.757716307310120000e-19 1.419813880908770543e+01 1.048821162087544690e+04 1.499461925740953120e+04 8.436731929155297238e-03 1.777448169346549419e-03 6.659283759808748253e-03 9.995639731386405380e-01
2.060000000000000142e+01 2.033224553362585551e-04 5.921000000000000085e+01 4.606558761314643924e+00 1.748797864053332005e+23 1.951446179612691519e-06 5.921000000000000085e+01 4.606558761314643924e+00 4.683426726881398253e+22 3.657831352433944261e+01 6.462488993905513084e-16 2.105091275068011823e-19 1.419429970939374286e+01 1.052750242615505340e+04 1.509346943557400664e+04 9.625653368575027777e-03 1.999468599034512871e-03 7.626184769540514906e-03 9.995335410142492938e-01
2.039999999999999858e+01 2.393201024844641446e-04 5.921000000000000085e+01 4.607936450519953375e+00 1.875946825196636671e+23 2.302911604856812116e-06 5.921000000000000085e+01 4.607936450519953375e+00 5.033482630625133960e+22 3.490127951185220923e+01 7.706141187852235868e-16 2.514965379475251207e-19 1.423267147865905713e+01 1.056735131713683222e+04 1.519043475050423876e+04 1.096653900862566006e-02 2.249208900647880430e-03 8.717330107977778325e-03 9.994978073774849481e-01
2.019999999999999929e+01 2.815641543843398287e-04 5.921000000000000085e+01 4.609315437866423615e+00 2.012209668384895774e+23 2.715989869151555699e-06 5.921000000000000085e+01 4.609315437866423615e+00 5.407466213784550795e+22 3.331056556850860773e+01 9.183320387602241331e-16 3.001700229377759565e-19 1.432057449932976567e+01 1.060763953723853047e+04 1.528719811592999758e+04 1.247642741875109977e-02 2.514868763395241950e-03 9.961558655355856953e-03 9.994558308763630272e-01
2.000000000000000000e+01 3.310542828057396608e-04 5.921000000000000085e+01 4.610688452017787320e+00 2.158362300561101024e+23 3.200310731706315946e-06 5.921000000000000085e+01 4.610688452017787320e+00 5.808875103495261258e+22 3.179953989711291129e+01 1.092697919539148412e-15 3.576965960164568999e-19 1.446585311148984587e+01 1.064827947356176082e+04 1.538275216540762995e+04 1.417391972787702958e-02 2.804815192017914155e-03 1.136910453585911543e-02 9.994066122714806433e-01
1.980000000000000071e+01 3.888880053889833617e-04 5.921000000000000085e+01 4.612047691149427031e+00 2.314978912541787753e+23 3.766144170530767533e-06 5.921000000000000085e+01 4.612047691149427031e+00 6.238921774705010331e+22 3.036592504168587681e+01 1.297479381480855653e-15 4.253142806068254605e-19 1.467719039257904967e+01 1.068922655599236714e+04 1.547687127380726815e+04 1.607927299115611414e-02 3.126230346474907166e-03 1.295304264468120567e-02 9.993490544776456597e-01
1.960000000000000142e+01 4.563386478084561094e-04 5.921000000000000085e+01 4.613384766316455554e+00 2.482573909186187320e+23 4.425963771047044669e-06 5.921000000000000085e+01 4.613384766316455554e+00 6.698643642507503600e+22 2.900815232436141500e+01 1.537452312690056455e-15 5.045838438465701106e-19 1.496470061518838968e+01 1.073045731979691845e+04 1.556981272286079002e+04 1.821449574790022508e-02 3.480987158993547551e-03 1.473350858890667796e-02 9.992818846170107294e-01
1.939999999999999858e+01 5.348680139103574333e-04 5.921000000000000085e+01 4.614690459908247000e+00 2.661761650996419169e+23 5.194225001913798330e-06 5.921000000000000085e+01 4.614690459908247000e+00 7.189813180895860464e+22 2.772324560939109617e+01 1.817986914422407432e-15 5.972913069430009864e-19 1.534004520036010177e+01 1.077195284920706945e+04 1.566169300290781939e+04 2.060344044135333647e-02 3.871763854193210810e-03 1.673167658716012696e-02 9.992036414030026625e-01
1.919999999999999929e+01 6.261458672507999720e-04 5.921000000000000085e+01 4.615955032188573171e+00 2.853224784666495969e+23 6.087456195051280405e-06 5.921000000000000085e+01 4.615955032188573171e+00 7.714425864319595761e+22 2.650772931658414677e+01 2.145121517271006459e-15 7.054504585549163923e-19 1.581660588255050826e+01 1.081369647061166506e+04 1.575259108543497314e+04 2.327188513677947573e-02 4.301760799240042163e-03 1.897012433753943531e-02 9.991126556601692688e-01
1.900000000000000000e+01 7.320695712718442967e-04 5.921000000000000085e+01 4.617168624887348471e+00 3.057703094329621139e+23 7.124388096417940396e-06 5.921000000000000085e+01 4.617168624887348471e+00 8.274613766965816617e+22 2.535799145968903190e+01 2.525584369225836276e-15 8.313067342857071657e-19 1.640966250890556921e+01 1.085567224327911572e+04 1.584254589196693269e+04 2.624761008325053602e-02 4.774994173361338592e-03 2.147261590988919569e-02 9.990070306897793628e-01
1.880000000000000071e+01 8.547683152098355542e-04 5.921000000000000085e+01 4.618321821242131975e+00 3.275983669197284951e+23 8.325798995252354655e-06 5.921000000000000085e+01 4.618321821242131975e+00 8.872591811945725061e+22 2.427049260165292210e+01 2.966628200445121251e-15 9.772797357653237623e-19 1.713645818395097464e+01 1.089786396776557194e+04 1.593152590767566835e+04 2.956047436499330619e-02 5.298049902542856411e-03 2.426242446245045065e-02 9.988846380517849566e-01
1.860000000000000142e+01 9.968704901072448967e-04 5.921000000000000085e+01 4.619406459879159321e+00 3.508871418441118075e+23 9.719564429707489042e-06 5.921000000000000085e+01 4.619406459879159321e+00 9.510503564011466916e+22 2.324201234434086061e+01 3.478924125888378650e-15 1.146906501718779561e-18 1.801826074404102229e+01 1.094026087817139887e+04 1.602009608108414068e+04 3.324247770419602732e-02 5.857167577032962140e-03 2.738531012716306778e-02 9.987428501531128155e-01
1.839999999999999858e+01 1.161539100432616061e-03 5.921000000000000085e+01 4.620414858219239918e+00 3.757503430384700002e+23 1.133958900530567943e-05 5.921000000000000085e+01 4.620414858219239918e+00 1.019234528003110501e+23 2.226771394678112159e+01 4.074958386737708077e-15 1.344450815415256744e-18 1.908069186692479846e+01 1.098284828456208197e+04 1.610845875389928005e+04 3.732779576493859552e-02 6.437150729625823291e-03 3.089064503531277137e-02 9.985785049924307266e-01
1.819999999999999929e+01 1.351919660708339422e-03 5.921000000000000085e+01 4.621340900514441685e+00 4.023241894137476824e+23 1.321400441997384995e-05 5.921000000000000085e+01 4.621340900514441685e+00 1.092265680601548283e+23 2.134263450641705973e+01 4.762255388189788498e-15 1.572576654128260468e-18 2.034958670432772365e+01 1.102560170692993597e+04 1.619564812079820149e+04 4.185281286980415544e-02 7.071880075604974544e-03 3.478093279419917916e-02 9.983884583314686090e-01
1.800000000000000000e+01 1.571660216141804439e-03 5.921000000000000085e+01 4.622184732118081563e+00 4.306967725492486852e+23 1.537828580741326280e-05 5.921000000000000085e+01 4.622184732118081563e+00 1.170239668334077160e+23 2.046536215610530718e+01 5.553287165753182773e-15 1.835271535912839766e-18 2.185500503494020919e+01 1.106850988786784183e+04 1.628193496075659459e+04 4.685615634030820126e-02 7.760718070182588690e-03 3.909543827012561257e-02 9.981690632953299502e-01
1.780000000000000071e+01 1.824954388507483722e-03 5.921000000000000085e+01 4.622950289124834633e+00 4.609743955259648450e+23 1.787422855567334486e-05 5.921000000000000085e+01 4.622950289124834633e+00 1.253437036776998159e+23 1.963366350674588645e+01 6.461996288221683841e-15 2.137171739950290706e-18 2.363161534593922752e+01 1.111156255053028690e+04 1.636742740179500470e+04 5.238197173260886880e-02 8.506204141631721824e-03 4.387576759097714524e-02 9.979161276169460359e-01
1.760000000000000142e+01 2.116438953281095988e-03 5.921000000000000085e+01 4.623645908497831414e+00 4.932773035995434058e+23 2.074672809662257534e-05 5.921000000000000085e+01 4.623645908497831414e+00 1.342200795160624507e+23 1.884503259985343959e+01 7.501970268835779998e-15 2.482839785376520297e-18 2.571797958744076595e+01 1.115475035507099710e+04 1.645203818837869403e+04 5.846340100619282221e-02 9.309980276511241673e-03 4.915342072968158227e-02 9.976250160864098548e-01
1.739999999999999858e+01 2.451498188315170620e-03 5.921000000000000085e+01 4.624285254159350878e+00 5.277242400456564372e+23 2.404980302780334445e-05 5.921000000000000085e+01 4.624285254159350878e+00 1.436830405125229909e+23 1.809740470496114284e+01 8.690581663386384031e-15 2.878023331264804507e-18 2.815898031612536201e+01 1.119806986287937616e+04 1.653596081470866557e+04 6.515552080905262500e-02 1.017653715966252911e-02 5.497898364939010629e-02 9.972903461193181052e-01
1.719999999999999929e+01 2.836152689863364555e-03 5.921000000000000085e+01 4.624885648573155983e+00 5.644545962670849912e+23 2.784253455987421204e-05 5.921000000000000085e+01 4.624885648573155983e+00 1.537736178907086219e+23 1.738832772687030825e+01 1.004504615072108918e-14 3.328524468437011918e-18 3.100505234626031381e+01 1.124151970823793818e+04 1.661916254514205502e+04 7.250227524365367160e-02 1.110951878519214793e-02 6.139275645846152540e-02 9.969060990956297719e-01
1.700000000000000000e+01 3.277163714514650175e-03 5.921000000000000085e+01 4.625468110061793148e+00 6.036113518452446195e+23 3.219087963486095140e-05 5.921000000000000085e+01 4.625468110061793148e+00 1.645299412748326792e+23 1.671567520794384620e+01 1.158417956911373815e-14 3.840606599806015460e-18 3.431309354760360719e+01 1.128510283280932526e+04 1.670166930209008933e+04 8.055283688509225215e-02 1.211461123364476235e-02 6.843822565144749848e-02 9.964655159476956126e-01
1.679999999999999716e+01 3.782031334261168592e-03 5.921000000000000085e+01 4.626055729406355788e+00 6.453447137589888308e+23 3.716691277417239050e-05 5.921000000000000085e+01 4.626055729406355788e+00 1.759917892536919864e+23 1.607748023376885271e+01 1.332725490633663928e-14 4.420672613252279912e-18 3.814655642509934097e+01 1.132882551042777231e+04 1.678347203164394523e+04 8.935817932456746604e-02 1.320337352491023422e-02 7.615480579965723529e-02 9.959610990454482726e-01
1.660000000000000142e+01 4.359616140645007978e-03 5.921000000000000085e+01 4.626672109965333846e+00 6.898078010762936189e+23 4.286087243289880513e-05 5.921000000000000085e+01 4.626672109965333846e+00 1.881980018101739145e+23 1.547201960372737162e+01 1.530118158250671004e-14 5.077604549968481174e-18 4.258045284473963932e+01 1.137269884895946598e+04 1.686483483861378409e+04 9.897089242944426268e-02 1.435201910603598092e-02 8.461887332340828349e-02 9.953839904561914143e-01
1.639999999999999858e+01 5.021369011864762130e-03 5.921000000000000085e+01 4.627337969206203105e+00 7.371894042782835356e+23 4.940177162596974102e-05 5.921000000000000085e+01 4.627337969206203105e+00 2.012068463914245947e+23 1.489709083662011047e+01 1.754995756742031258e-14 5.826218119042547544e-18 4.771125296582464870e+01 1.141673732753195873e+04 1.694631766346670338e+04 1.094449029958645264e-01 1.546010421857891073e-02 9.398479877728561915e-02 9.947227424049446265e-01
1.619999999999999929e+01 5.777735425358030905e-03 5.921000000000000085e+01 4.628067797242207071e+00 7.877648841725426312e+23 5.687616280056393922e-05 5.921000000000000085e+01 4.628067797242207071e+00 2.151197791753988494e+23 1.434936501107334550e+01 2.008022201606723726e-14 6.669591500523937531e-18 5.362870218163358516e+01 1.146094241097694976e+04 1.702694996616646313e+04 1.208351542941386858e-01 1.665261790185602192e-02 1.041825363922826569e-01 9.939669135908572040e-01
1.600000000000000000e+01 6.640764778895589041e-03 5.921000000000000085e+01 4.628877426653610350e+00 8.416888091577077151e+23 6.539766818663335390e-05 5.921000000000000085e+01 4.628877426653610350e+00 2.299464294256010383e+23 1.382843884770655407e+01 2.292191694950128420e-14 7.616808748025668497e-18 6.043656651474241670e+01 1.150532282380622200e+04 1.710701310849853689e+04 1.331974446700520121e-01 1.791558013812871719e-02 1.152818645319232949e-01 9.931044582288284239e-01
1.579999999999999893e+01 7.623839862870061303e-03 5.921000000000000085e+01 4.629775578039419415e+00 8.991506081081337221e+23 7.509494057208587064e-05 5.921000000000000085e+01 4.629775578039419415e+00 2.457341149452948503e+23 1.333330430492784657e+01 2.610388200018495210e-14 8.677309887187347510e-18 6.825065887436083756e+01 1.154988338188428679e+04 1.718655741915558610e+04 1.465822834925335771e-01 1.924570258266111028e-02 1.273365809098724877e-01 9.921219976730827339e-01
1.559999999999999964e+01 8.742001580883925274e-03 5.921000000000000085e+01 4.630764641151160710e+00 9.603524625996559564e+23 8.611607684876044187e-05 5.921000000000000085e+01 4.630764641151160710e+00 2.625363273440995479e+23 1.286289773821652460e+01 2.965876293522397914e-14 9.861858861388282629e-18 7.720164265085197997e+01 1.159462412736193983e+04 1.726567623383357568e+04 1.610557315614575546e-01 2.064299982938307479e-02 1.404127317320744694e-01 9.910044955877737038e-01
1.539999999999999858e+01 1.001179653557372588e-02 5.921000000000000085e+01 4.631840736568697103e+00 1.025518160903844477e+24 9.862267476402570632e-05 5.921000000000000085e+01 4.631840736568697103e+00 2.804169854935264165e+23 1.241603088874346028e+01 3.361778967110469713e-14 1.118090906252220391e-17 8.743403712333363842e+01 1.163953813226583588e+04 1.734437828036590508e+04 1.766686651097081895e-01 2.210670015825810797e-02 1.545619649514500815e-01 9.897354104780770045e-01
1.519999999999999929e+01 1.145147620122979534e-02 5.921000000000000085e+01 4.632994947690020737e+00 1.094881102527133047e+24 1.127933442134969550e-04 5.921000000000000085e+01 4.632994947690020737e+00 2.994404809384739943e+23 1.199160007388592319e+01 3.801360729233992486e-14 1.264531448062205546e-17 9.910804609483712113e+01 1.168461146142565121e+04 1.742267975647895946e+04 1.934753238773792572e-01 2.363709404979670928e-02 1.698382298275825375e-01 9.882964964460663193e-01
1.500000000000000000e+01 1.308110925374165665e-02 5.921000000000000085e+01 4.634214309973437196e+00 1.168688750053131224e+24 1.288245597154169032e-04 5.921000000000000085e+01 4.634214309973437196e+00 3.196755167263896633e+23 1.158853337191731292e+01 4.287911104081775700e-14 1.426603497436590409e-17 1.124007029075584825e+02 1.172982288871745550e+04 1.750057833995740293e+04 2.115281555384561085e-01 2.523567046344685899e-02 1.862924850750092565e-01 9.866676909270788443e-01
1.479999999999999893e+01 1.492267497935097567e-02 5.921000000000000085e+01 4.635483141348009539e+00 1.247202963648405156e+24 1.469311051858779044e-04 5.921000000000000085e+01 4.635483141348009539e+00 3.411946782385573378e+23 1.120580047786057953e+01 4.824661889339741964e-14 1.605384246549833178e-17 1.275068722136877852e+02 1.177514418576785647e+04 1.757805438847174446e+04 2.308770517301122482e-01 2.690678541036161872e-02 2.039702663197506260e-01 9.848270213157883646e-01
1.459999999999999964e+01 1.700005528537103933e-02 5.921000000000000085e+01 4.636784434127236842e+00 1.330699852490083184e+24 1.673445565657914085e-04 5.921000000000000085e+01 4.636784434127236842e+00 3.640739902911382731e+23 1.084242275727684834e+01 5.414596340489571746e-14 1.801866575987979301e-17 1.446394274599688288e+02 1.182054073994358805e+04 1.765506495805523446e+04 2.515686191885888046e-01 2.866323642174135183e-02 2.229053827668474319e-01 9.827506129823737613e-01
1.439999999999999858e+01 1.933806867017391629e-02 5.921000000000000085e+01 4.638101255344774465e+00 1.419467121086378535e+24 1.902928452601121748e-04 5.921000000000000085e+01 4.638101255344774465e+00 3.883911232290818852e+23 1.049749687760892947e+01 6.059222723658459219e-14 2.016544793388893276e-17 1.640215552490227253e+02 1.186597198018464405e+04 1.773147465299287069e+04 2.736453981411705039e-01 3.057179933486142004e-02 2.430735988063091046e-01 9.804136552855614584e-01
1.419999999999999929e+01 2.197479697029275370e-02 5.921000000000000085e+01 4.639418591662912483e+00 1.513777697044101285e+24 2.162580190102043963e-04 5.921000000000000085e+01 4.639418591662912483e+00 4.142099725834106228e+23 1.017036418580438628e+01 6.773618048152352712e-14 2.254374956833773002e-17 1.859883437016590904e+02 1.191139971253998556e+04 1.780807091269070224e+04 2.971450782098164489e-01 3.215097360174856700e-02 2.649941046080678819e-01 9.777780746232686004e-01
1.400000000000000000e+01 2.494241082274960622e-02 5.921000000000000085e+01 4.640717051339814603e+00 1.614199577428563532e+24 2.455110914821948269e-04 5.921000000000000085e+01 4.640717051339814603e+00 4.417714730561651773e+23 9.858630642231632990e+00 7.553531945472757497e-14 2.514418180859458496e-17 2.108298472619282791e+02 1.195677025933856748e+04 1.788396512619432178e+04 3.220982565455902669e-01 3.374328848420529714e-02 2.883549680613849420e-01 9.748117129461250085e-01
1.379999999999999893e+01 2.827554565744866411e-02 5.921000000000000085e+01 4.641986230864803886e+00 1.721070226526546378e+24 2.783612713336039955e-04 5.921000000000000085e+01 4.641986230864803886e+00 4.711202109638458569e+23 9.561877637598108493e+00 8.400915640499704928e-14 2.797092100787081975e-17 2.388599804562463476e+02 1.200203209350451289e+04 1.795913259964266035e+04 3.485295098354894705e-01 3.538034318978486303e-02 3.131491666457045797e-01 9.714799453419658004e-01
1.359999999999999964e+01 3.201274561039174626e-02 5.921000000000000085e+01 4.643219461082384925e+00 1.834742777701273124e+24 3.151782211156570310e-04 5.921000000000000085e+01 4.643219461082384925e+00 5.023310927955657281e+23 9.279669236326606452e+00 9.318830867778056200e-14 3.103296718775026398e-17 2.704286572439650058e+02 1.204713358624461216e+04 1.803357331839765175e+04 3.764556876289382181e-01 3.703676559523468720e-02 3.394189220337035517e-01 9.677442389269250711e-01
1.339999999999999858e+01 3.619634575275702815e-02 5.921000000000000085e+01 4.644413633691863552e+00 1.955615949695405856e+24 3.563750120830658599e-04 5.921000000000000085e+01 4.644413633691863552e+00 5.355093008808530506e+23 9.011424151149640238e+00 1.030977531754755873e-13 3.433836773362766390e-17 3.059211266751618155e+02 1.209202266876987960e+04 1.810724718236159606e+04 4.058847239767051640e-01 3.869837385901763599e-02 3.671863501176875211e-01 9.635622711416794717e-01
1.319999999999999929e+01 4.087263488204045947e-02 5.921000000000000085e+01 4.645569665426593886e+00 2.084123887603888117e+24 4.024042905265640471e-04 5.921000000000000085e+01 4.645569665426593886e+00 5.707737338027125171e+23 8.756526645260013453e+00 1.137576869316954050e-13 3.789380358359624801e-17 3.457596248438175621e+02 1.213664733002017419e+04 1.818010373939460260e+04 4.368146005183327629e-01 4.035351772962742639e-02 3.964610827887053435e-01 9.588877669202149345e-01
1.300000000000000000e+01 4.609206796452474525e-02 5.921000000000000085e+01 4.646692467570330720e+00 2.220734237932360896e+24 4.537579904769425423e-04 5.921000000000000085e+01 4.646692467570330720e+00 6.082529350510217380e+23 8.514364103692940944e+00 1.251830020509232358e-13 4.170421838972815829e-17 3.904054298117200119e+02 1.218095595500773197e+04 1.825208692689720920e+04 4.692323058459209606e-01 4.199118929141817946e-02 4.272411165545027534e-01 9.536702862920297674e-01
1.279999999999999893e+01 5.190948708979469667e-02 5.921000000000000085e+01 4.647790581141199695e+00 2.365948042726594868e+24 5.109682174093122236e-04 5.921000000000000085e+01 4.647790581141199695e+00 6.480838408773206593e+23 8.284344933072466333e+00 1.373824414365785711e-13 4.577245631579176742e-17 4.403609718974129237e+02 1.222489744631415670e+04 1.832313742271904266e+04 5.031126418375964082e-01 4.360034048712105315e-02 4.595123013504753273e-01 9.478550034903290289e-01
1.259999999999999964e+01 5.838433180207343309e-02 5.921000000000000085e+01 4.648875522489282375e+00 2.520300356895429743e+24 5.746084775175247603e-04 5.921000000000000085e+01 4.648875522489282375e+00 6.904115862867332385e+23 8.065907767203286838e+00 1.503576541901451225e-13 5.009891385054822471e-17 4.961718309855681923e+02 1.226842108892837132e+04 1.839319374558704658e+04 5.384171657116506582e-01 4.516966900070917834e-02 4.932474967109414798e-01 9.413824966853765464e-01
1.239999999999999858e+01 6.558082009703371240e-02 5.921000000000000085e+01 4.649960893375905790e+00 2.684361253948934475e+24 6.452947975764920796e-04 5.921000000000000085e+01 4.649960893375905790e+00 7.353897402793398727e+23 7.858526036307742046e+00 1.641021575175534511e-13 5.468118213225163195e-17 5.584284519596978953e+02 1.231147613746369279e+04 1.846219240396956229e+04 5.750929973290185293e-01 4.668752251673403270e-02 5.284054748122845035e-01 9.341885670475337244e-01
1.219999999999999929e+01 7.356808856576332878e-02 5.921000000000000085e+01 4.651061335982707767e+00 2.858737031760386359e+24 7.236865843543688987e-04 5.921000000000000085e+01 4.651061335982707767e+00 7.831807021052930357e+23 7.661709999072853883e+00 1.786002730815544209e-13 5.951369127454141907e-17 6.277674647580782903e+02 1.235401113024880760e+04 1.853006745222831887e+04 6.130718729618446217e-01 4.814206311592247878e-02 5.649298098459221151e-01 9.262040986528004005e-01
1.200000000000000000e+01 8.242027535881298050e-02 5.921000000000000085e+01 4.652191434308156737e+00 3.044071615706015111e+24 8.104870298759492969e-04 5.921000000000000085e+01 4.652191434308156737e+00 8.339562117640195240e+23 7.475007088429769020e+00 1.938259907900536837e-13 6.458734505595560758e-17 7.048724486960808235e+02 1.239597295885401763e+04 1.859674964099820500e+04 6.522691864332501588e-01 4.952162294438933882e-02 6.027475634888607159e-01 9.173549755552838914e-01
1.179999999999999893e+01 9.221653359571925501e-02 5.921000000000000085e+01 4.653364678768699747e+00 3.241048104334713059e+24 9.064426538923058951e-04 5.921000000000000085e+01 4.653364678768699747e+00 8.878979188299728756e+23 7.298001306298137258e+00 2.097417814850830653e-13 6.988912113442483744e-17 7.904740042080544526e+02 1.243730574528397665e+04 1.866216436073018122e+04 6.925834076770611691e-01 5.081558406102033160e-02 6.417678236160407890e-01 9.075620683980157866e-01
1.159999999999999964e+01 1.030409359739158509e-01 5.921000000000000085e+01 4.654592607465631637e+00 3.450390471634272653e+24 1.012341639613073378e-03 5.921000000000000085e+01 4.654592607465631637e+00 9.451978877690448928e+23 7.130312007956519871e+00 2.262971019801476494e-13 7.540160714091225045e-17 8.853487600837939908e+02 1.247794960431628533e+04 1.872623007322459307e+04 7.338956251599890734e-01 5.201636350065658165e-02 6.818792616593325473e-01 8.967413298060625815e-01
1.139999999999999858e+01 1.149821388688915674e-01 5.921000000000000085e+01 4.655884224764725410e+00 3.672865107584019472e+24 1.129007850631691184e-03 5.921000000000000085e+01 4.655884224764725410e+00 1.006059012569130041e+24 6.971592964693313910e+00 2.434257487198698688e-13 8.110211657285026428e-17 9.903161255789334518e+02 1.251783937025921477e+04 1.878885455245047342e+04 7.760695297609244703e-01 5.312521085969056783e-02 7.229443189012338955e-01 8.848041302577240863e-01
1.119999999999999929e+01 1.281319161246362859e-01 5.921000000000000085e+01 4.657245779643632844e+00 3.909280927981555698e+24 1.257272479073835323e-03 5.921000000000000085e+01 4.657245779643632844e+00 1.070694371609737087e+24 6.821533780010940795e+00 2.610354448763866547e-13 8.695918475366781455e-17 1.106225002184869936e+03 1.255690333621763602e+04 1.884992326061017229e+04 8.189516360388574556e-01 5.418052523407761167e-02 7.647711108047798856e-01 8.716587241742688175e-01
1.100000000000000000e+01 1.426001043033002236e-01 5.921000000000000085e+01 4.658681074611826567e+00 4.160479004342010138e+24 1.398304160153506512e-03 5.921000000000000085e+01 4.658681074611826567e+00 1.139320248676666340e+24 6.679876872549446176e+00 2.791453557556920042e-13 9.297805765594848389e-17 1.234082693023695128e+03 1.259506333395940601e+04 1.890946031633281018e+04 8.623720832750287890e-01 5.485505085765718380e-02 8.075170324173714942e-01 8.571953047213917154e-01
1.079999999999999893e+01 1.585142250908243844e-01 5.921000000000000085e+01 4.660189055498414668e+00 4.427496788746717685e+24 1.553521977722533342e-03 5.921000000000000085e+01 4.660189055498414668e+00 1.212259617035990315e+24 6.546167506779247525e+00 2.977738884818284247e-13 9.916809992802480098e-17 1.375051969626617847e+03 1.263223247621734845e+04 1.896742043692578955e+04 9.061414679669281824e-01 5.482569329016074439e-02 8.513157746767674450e-01 8.412863856263258500e-01
1.059999999999999964e+01 1.759775840999333874e-01 5.921000000000000085e+01 4.661765363559831066e+00 4.711542251128947154e+24 1.723645999431209228e-03 5.921000000000000085e+01 4.661765363559831066e+00 1.289896682532692539e+24 6.419878169085037278e+00 3.165994967222309857e-13 1.054267362970211170e-16 1.530084644968685097e+03 1.266831167939209990e+04 1.902339205756960291e+04 9.500512482148423254e-01 5.472464877921297266e-02 8.953265994356293112e-01 8.238287012292542233e-01
1.039999999999999858e+01 1.951043882301799759e-01 5.921000000000000085e+01 4.663410117879536188e+00 5.013578865550547604e+24 1.909666025424549152e-03 5.921000000000000085e+01 4.663410117879536188e+00 1.372407633372958043e+24 6.300981788187924870e+00 3.355194799109285018e-13 1.117127980591672983e-16 1.700224368283487820e+03 1.270319395987078678e+04 1.907729346268839799e+04 9.938858608291034624e-01 5.445759209562373721e-02 9.394282687334798432e-01 8.047080783556769257e-01
1.019999999999999929e+01 2.161258594286337986e-01 5.921000000000000085e+01 4.665121929681863122e+00 5.334710774171006115e+24 2.115075768106225440e-03 5.921000000000000085e+01 4.665121929681863122e+00 1.460071454386478115e+24 6.189341039147388202e+00 3.552160365167150574e-13 1.182517991432000714e-16 1.887537495765736367e+03 1.273676808390945189e+04 1.912965905671928340e+04 1.039821681732028047e+00 5.414190203920234840e-02 9.856797796928256084e-01 7.836933348009607059e-01
1.000000000000000000e+01 2.396770055777783237e-01 5.921000000000000085e+01 4.666884599838056147e+00 5.677112194240373275e+24 2.351460079291925985e-03 5.921000000000000085e+01 4.666884599838056147e+00 1.553818768834157649e+24 6.083758744888999814e+00 3.784696023573868171e-13 1.259967182457891744e-16 2.097645634998860260e+03 1.276892194616711095e+04 1.918231309210481413e+04 1.100930373385992533e+00 5.925210697128766024e-02 1.041678266414705067e+00 7.601495464020966430e-01
9.799999999999998934e+00 2.645340356289401784e-01 5.921000000000000085e+01 4.668966969210748275e+00 6.046274841565454995e+24 2.585781092448830379e-03 5.921000000000000085e+01 4.668966969210748275e+00 1.656464102955778277e+24 5.980166554650643285e+00 3.922160780874901327e-13 1.307015960389886982e-16 2.319699104302471824e+03 1.279944257672879212e+04 1.922455893918157017e+04 1.123367431077945122e+00 5.240509297450943182e-02 1.070962338103435663e+00 7.353006817641936088e-01
9.599999999999999645e+00 2.913670750781441887e-01 5.921000000000000085e+01 4.670553942221265409e+00 6.431765131946488976e+24 2.841494348212794934e-03 5.921000000000000085e+01 4.670553942221265409e+00 1.759822213795018820e+24 5.890382664316738293e+00 4.096966153612446227e-13 1.363553910785929524e-16 2.559868772352806445e+03 1.282835290225808785e+04 1.926861571409926182e+04 1.163479126921866502e+00 5.117827299996857010e-02 1.112300853921897925e+00 7.084761921450537514e-01
9.399999999999998579e+00 3.206725952670975155e-01 5.921000000000000085e+01 4.672562709285404736e+00 6.840793365919400181e+24 3.122520133887769084e-03 5.921000000000000085e+01 4.672562709285404736e+00 1.870407390798137612e+24 5.807972973138369355e+00 4.268257442766255432e-13 1.419607804679490851e-16 2.822205385304526317e+03 1.285527944944585943e+04 1.930975698892551009e+04 1.203362091834053960e+00 4.977258417803313156e-02 1.153589507656020752e+00 6.791799549085900667e-01
9.199999999999999289e+00 3.524701548580954635e-01 5.921000000000000085e+01 4.674628519227119305e+00 7.276916053804087765e+24 3.428185697833876448e-03 5.921000000000000085e+01 4.674628519227119305e+00 1.988762564422099865e+24 5.731136587551549866e+00 4.431733042865831752e-13 1.473415297824588501e-16 3.106958316990348976e+03 1.288018750520385038e+04 1.934766904790328772e+04 1.241638070952743700e+00 4.811153573427714991e-02 1.193526535218466522e+00 6.473924556072410130e-01
9.000000000000000000e+00 3.869231208869081673e-01 5.921000000000000085e+01 4.676771924316193818e+00 7.741222896317110663e+24 3.759630283745578599e-03 5.921000000000000085e+01 4.676771924316193818e+00 2.114966590217793596e+24 5.660450807415456254e+00 4.585370884991219148e-13 1.524161538030187468e-16 3.415486339219260117e+03 1.290289388698700895e+04 1.938222708719757793e+04 1.278091676024669221e+00 4.620740673834926315e-02 1.231884269286319888e+00 6.129503735297163747e-01
8.800000000000000711e+00 4.241963926239999960e-01 5.921000000000000085e+01 4.678999697790357182e+00 8.235687273405889141e+24 4.118276519484533223e-03 5.921000000000000085e+01 4.678999697790357182e+00 2.249463325571677973e+24 5.595839776893908990e+00 4.727518401124672323e-13 1.571275236641612873e-16 3.749131884717756748e+03 1.292321009030026653e+04 1.941325304316787151e+04 1.312476989134488736e+00 4.407207549528779911e-02 1.268404913639200826e+00 5.756888651998877116e-01
8.599999999999997868e+00 4.644285224189675931e-01 5.921000000000000085e+01 4.681319834811695557e+00 8.762433436970369705e+24 4.505103319710201774e-03 5.921000000000000085e+01 4.681319834811695557e+00 2.392801268982385073e+24 5.537256424140964306e+00 4.854832347793894531e-13 1.613704383712733936e-16 4.108959210961044846e+03 1.294093596512304248e+04 1.944050236974974905e+04 1.342298966510386826e+00 3.992757583375892982e-02 1.302371390676627882e+00 5.354694373583243072e-01
8.399999999999998579e+00 5.078395096222542149e-01 5.921000000000000085e+01 4.683743806367991702e+00 9.323557138736886122e+24 4.923272421857818881e-03 5.921000000000000085e+01 4.683743806367991702e+00 2.545488419298336546e+24 5.484795906256866083e+00 4.969240641616198456e-13 1.652179835128526285e-16 4.496706579559757301e+03 1.295586180997537122e+04 1.946411884134437423e+04 1.372128623375915568e+00 3.763113332830643476e-02 1.334497490047608981e+00 4.920721433749247198e-01
8.199999999999999289e+00 5.546154904422915255e-01 5.921000000000000085e+01 4.686276461026708695e+00 9.921874885475920154e+24 5.375240881987922680e-03 5.921000000000000085e+01 4.686276461026708695e+00 2.708517672730718716e+24 5.438254827092216637e+00 5.067677973261036447e-13 1.686039682236788757e-16 4.913752266730723932e+03 1.296776330987752772e+04 1.948401693017064827e+04 1.399248195034706654e+00 3.518428112914510908e-02 1.364063913905561698e+00 4.453109254174235088e-01
8.000000000000000000e+00 6.049536922983232978e-01 5.921000000000000085e+01 4.688927039939076558e+00 1.056016126877717840e+25 5.864311563509484390e-03 5.921000000000000085e+01 4.688927039939076558e+00 2.882775936167049083e+24 5.397636651327681001e+00 5.148866333758074377e-13 1.715260422320394528e-16 5.361502386886105342e+03 1.297640191397322997e+04 1.950043389194872361e+04 1.423460158764010774e+00 3.261036921103145636e-02 1.390849789552979443e+00 3.949886275629708732e-01
7.800000000000000711e+00 6.590614738935171024e-01 5.921000000000000085e+01 4.691704976212459854e+00 1.124147645793858182e+25 6.395071266442302685e-03 5.921000000000000085e+01 4.691704976212459854e+00 3.069376090167392378e+24 5.362954388293077912e+00 5.211711257580326076e-13 1.740141990192552859e-16 5.841374236957617541e+03 1.298152444294023007e+04 1.951391094401558439e+04 1.444587676021519940e+00 2.993640588487838858e-02 1.414651270136641603e+00 3.408979678652594991e-01
7.599999999999997868e+00 7.171583995619024154e-01 5.921000000000000085e+01 4.694620263436455332e+00 1.196919300099604894e+25 6.974191678604914693e-03 5.921000000000000085e+01 4.694620263436455332e+00 3.269733775729279820e+24 5.334238265511327626e+00 5.255333351165222731e-13 1.761437103428333152e-16 6.354805248985914659e+03 1.298286234005934239e+04 1.952547007190953445e+04 1.462478387005953451e+00 2.719308637850036126e-02 1.435285300627453076e+00 2.828194647108014936e-01
7.399999999999998579e+00 7.794790098677766288e-01 5.921000000000000085e+01 4.697683639207152595e+00 1.274704078917254319e+25 7.611776019171010918e-03 5.921000000000000085e+01 4.697683639207152595e+00 3.485714405526251822e+24 5.311536303228594491e+00 5.279102828128715153e-13 1.780555724127751928e-16 6.903269838051685838e+03 1.298013127676220574e+04 1.953686401897254837e+04 1.477006100967978908e+00 2.441425236025044840e-02 1.452591848607728275e+00 2.205186672188028663e-01
7.199999999999999289e+00 8.462767199830302234e-01 5.921000000000000085e+01 4.700906744555426897e+00 1.357916066838621303e+25 8.323542017606174945e-03 5.921000000000000085e+01 4.700906744555426897e+00 3.719870079890099265e+24 5.294914796385424616e+00 5.282675581945404983e-13 1.799849011458003224e-16 7.488309573541238933e+03 1.297303112539506401e+04 1.955090718204761288e+04 1.488071813930364806e+00 2.163586835170938638e-02 1.466435945578655309e+00 1.537422580951911810e-01
7.000000000000000000e+00 9.178292699648183950e-01 5.921000000000000085e+01 4.704302195870921466e+00 1.447016982367037026e+25 9.134431008245886760e-03 5.921000000000000085e+01 4.704302195870921466e+00 3.975805460170872178e+24 5.284458268642866052e+00 5.266030806115347668e-13 1.823046030956675223e-16 8.111584166272020411e+03 1.296124651237260332e+04 1.957191426671628142e+04 1.495603178489678164e+00 1.889509255571967736e-02 1.476708085933958525e+00 8.221260487239712145e-02
6.800000000000000711e+00 9.944464220121482789e-01 5.921000000000000085e+01 4.707883518332202755e+00 1.542524252705332216e+25 1.008438838608952809e-02 5.921000000000000085e+01 4.707883518332202755e+00 4.258750332833100819e+24 5.280268676234967096e+00 5.229513049885174106e-13 1.855865446925822908e-16 8.774954268340665294e+03 1.294444809396951132e+04 1.960616877704900253e+04 1.499552984575031278e+00 1.622877459178955969e-02 1.483324209983241770e+00 5.620064503768495805e-03
6.599999999999997868e+00 1.000000000000000000e+00 5.921000000000000085e+01 4.711664891293906976e+00 1.645021164610298618e+25 1.123756874175560298e-02 5.921000000000000085e+01 4.711664891293906976e+00 4.576404918867306006e+24 5.282463387800994781e+00 5.173881071064575728e-13 1.906908275310539259e-16 8.810806708353447902e+03 1.292229483124602484e+04 1.966227506057750361e+04 1.499896948364727756e+00 1.367228886589909320e-02 1.486224659498828427e+00 6.916489467748416066e-05
6.399999999999998579e+00 1.000000000000000000e+00 9.618860688847210838e+01 6.987498504205775340e+00 1.712578044210048115e+25 1.276852202251403667e-02 5.921000000000000085e+01 4.720794448937898125e+00 4.940137469204449374e+24 5.422762709949893178e+00 5.019170162959686240e-13 2.003971009434635830e-16 9.176172524373445412e+03 1.289455336083023212e+04 1.975211491652917539e+04 1.510956823622241263e+00 1.282796301521791672e-02 1.498128860607023327e+00 6.626976020676467020e-05
6.199999999999999289e+00 1.000000000000000000e+00 1.272231499240650408e+02 8.767671165856596005e+00 2.623753284246104640e+25 1.477500244675251408e-02 5.921000000000000085e+01 4.727931085363158203e+00 5.372548205616873628e+24 3.789604738857101474e+00 7.136412113915818866e-13 2.153560230676466952e-16 9.763688746096649993e+03 1.342405193482994400e+04 1.989312153648736057e+04 1.518290196160094085e+00 1.207529063469363687e-02 1.506214905525400383e+00 4.301885031938740555e-05
6.000000000000000000e+00 1.000000000000000000e+00 1.557722224128057462e+02 1.033539751287385933e+01 3.414313780263524486e+25 1.747147019941869620e-02 5.921000000000000085e+01 4.734866488463601364e+00 5.892880644826374162e+24 3.123816753753930975e+00 8.517449927634756628e-13 2.368781847438852107e-16 1.049941093477708819e+04 1.422968239559834365e+04 1.996269151344920465e+04 1.509131744450339374e+00 1.082925314798845011e-02 1.498302491302350825e+00 3.316318933787557217e-05
5.799999999999997158e+00 1.000000000000000000e+00 1.861784521480932710e+02 1.194777024635721219e+01 4.181032949355897870e+25 2.126522698383097668e-02 5.921000000000000085e+01 4.741855394932733780e+00 6.507841956487483458e+24 2.741892306447946570e+00 9.507562338279181991e-13 2.689926304505241116e-16 1.131460132959383554e+04 1.515226166948354876e+04 2.010816314298168436e+04 1.491966714322467968e+00 9.522578390935218517e-03 1.482444135931532792e+00 2.727986183368818996e-05
5.599999999999997868e+00 1.000000000000000000e+00 2.211334789563660763e+02 1.374265225157067327e+01 5.026959771493338528e+25 2.681076823713090043e-02 5.921000000000000085e+01 4.749303116915078782e+00 7.278931102881795164e+24 2.456390026618801681e+00 1.038810307602673217e-12 3.191560378762513176e-16 1.218257882586328560e+04 1.613507452617186937e+04 2.033534007489470969e+04 1.470850384859359483e+00 8.326013243176156459e-03 1.462524371616183316e+00 2.286512003878721114e-05
5.399999999999998579e+00 1.000000000000000000e+00 2.624737914447659364e+02 1.579969570732963113e+01 6.019869279029851360e+25 3.511686531156525681e-02 5.921000000000000085e+01 4.757391177809745741e+00 8.263525849792729684e+24 2.214437748794379601e+00 1.128615809675066831e-12 3.971758909849772754e-16 1.309720791426610413e+04 1.716394666504143242e+04 2.062517540020288652e+04 1.446747289949068316e+00 7.256762180907022804e-03 1.439490527768161332e+00 1.921197242945372577e-05
5.199999999999999289e+00 1.000000000000000000e+00 3.114475404595125951e+02 1.816208521917464935e+01 7.212471664300382615e+25 4.768803214042065947e-02 5.921000000000000085e+01 4.766227430402667942e+00 9.526776907576441383e+24 2.000108599313453084e+00 1.224310730596118652e-12 5.165928666468028093e-16 1.405693528603434788e+04 1.823868689420376177e+04 2.094985667164779443e+04 1.417484953809602155e+00 6.242046769307689827e-03 1.411242907040294536e+00 1.610374865129273803e-05
5.000000000000000000e+00 1.000000000000000000e+00 3.702268656312313624e+02 2.091079819473175050e+01 8.648746556711817776e+25 6.626874020685809275e-02 5.921000000000000085e+01 4.775913473956346245e+00 1.113903881482358112e+25 1.809576583407523476e+00 1.330531756764310037e-12 6.881531652800941087e-16 1.505786126165030691e+04 1.935975048759382844e+04 2.126789621140166128e+04 1.387509210231788304e+00 5.395215772896343361e-03 1.382113994458892048e+00 1.340910106789143169e-05
4.799999999999997158e+00 1.000000000000000000e+00 4.363949074986812775e+02 2.391684481471645185e+01 1.039818073593664310e+26 8.956943828688732068e-02 5.921000000000000085e+01 4.786572330258243468e+00 1.314056327951775989e+25 1.637354542047405825e+00 1.438045112874705065e-12 8.626965515058080928e-16 1.607527883397864935e+04 2.052948893384031544e+04 2.149870950347598773e+04 1.354357975160490613e+00 4.644620391349544263e-03 1.349713354769141116e+00 1.117331778068009963e-05
4.599999999999997868e+00 1.000000000000000000e+00 5.134469098208604692e+02 2.732144204639408969e+01 1.243226674156468468e+26 1.204471899151986075e-01 5.921000000000000085e+01 4.798478809335537498e+00 1.535417395628928007e+25 1.494089348797589034e+00 1.543990378967543921e-12 1.082984367848343917e-15 1.708796205456896496e+04 2.172668519580986685e+04 2.168713397621883996e+04 1.317808562102299907e+00 3.981606167587515427e-03 1.313826955934712437e+00 9.317048789544309898e-06
4.399999999999998579e+00 1.000000000000000000e+00 6.029505187354600366e+02 3.117226872435358231e+01 1.486137735310331083e+26 1.624326620944911703e-01 5.921000000000000085e+01 4.811871137999962578e+00 1.792384826507297833e+25 1.367851130980397567e+00 1.656739133305653652e-12 1.366579067475471338e-15 1.807173334939761844e+04 2.295016831243619163e+04 2.182780683137257802e+04 1.277862055299280319e+00 3.397632290176768287e-03 1.274464423009103564e+00 7.714107345817038913e-06
4.199999999999999289e+00 1.000000000000000000e+00 7.055306375169574267e+02 3.547730242952596313e+01 1.776193505437846563e+26 2.200276184043673533e-01 5.921000000000000085e+01 4.827047885523438886e+00 2.095880308105813721e+25 1.256664315644693053e+00 1.777725140808252475e-12 1.729399103348408882e-15 1.898525443664363411e+04 2.419797512670819197e+04 2.191479483975380208e+04 1.234530985446214313e+00 2.875736718751541188e-03 1.231655248727462793e+00 6.322991346382278689e-06
4.000000000000000000e+00 1.000000000000000000e+00 8.223130707138136586e+02 4.026853212807656490e+01 2.119829315687375016e+26 2.990073335478357630e-01 5.921000000000000085e+01 4.844446607425574314e+00 2.456123237269808641e+25 1.160293242065552066e+00 1.909560102992727997e-12 2.185803789015923086e-15 1.976353403070059721e+04 2.546241935856434793e+04 2.194425790761329699e+04 1.190809383360533547e+00 2.447444772874606770e-03 1.188361938587658928e+00 5.108941318571100606e-06
3.799999999999997158e+00 1.000000000000000000e+00 9.456930254744764852e+02 4.524768781909413917e+01 2.525759712578780251e+26 4.065148546643245764e-01 5.921000000000000085e+01 4.864708857157794775e+00 2.883476126380276050e+25 1.077213205428316112e+00 2.041060466159975785e-12 2.743185482095806147e-15 2.030434732705229908e+04 2.673518035567280458e+04 2.191431064746591801e+04 1.138142916641653013e+00 1.983439487699827607e-03 1.136159477153953157e+00 4.075340975395783615e-06
3.599999999999997868e+00 1.000000000000000000e+00 1.074591901665596424e+03 5.039810791169907844e+01 2.982026743553536464e+26 5.513441062016091188e-01 5.921000000000000085e+01 4.888841599349982303e+00 3.388310991575941099e+25 1.013456401856523525e+00 2.165399202665608088e-12 3.402289221093602659e-15 2.046613281619333793e+04 2.797697758191268076e+04 2.182359330230979322e+04 1.085359014679843304e+00 1.612297849969672936e-03 1.083746716829873558e+00 3.196457631745322878e-06
3.399999999999998579e+00 1.000000000000000000e+00 1.199498245862668455e+03 5.540524533125071827e+01 3.492479924145508321e+26 7.436743292181066112e-01 5.921000000000000085e+01 4.918365363554588754e+00 3.981521406486866402e+25 9.654964099261758026e-01 2.274758837475882544e-12 4.147196394073418850e-15 2.007728861087335827e+04 2.915792382535832439e+04 2.167466932055252255e+04 1.029780722385732039e+00 1.291080927513419806e-03 1.028489641458218529e+00 2.446804331318342252e-06
3.199999999999999289e+00 1.000000000000000000e+00 1.309552086304943941e+03 5.993986346264827603e+01 4.038524404930387217e+26 9.945245757856895352e-01 5.921000000000000085e+01 4.955632166297720076e+00 4.673986284422930201e+25 9.361374694777322425e-01 2.348836120062040826e-12 4.941697105241226902e-15 1.894112040947454079e+04 3.023189674666375140e+04 2.146724430457080234e+04 9.716160804510348692e-01 1.016506861982673744e-03 9.705995735890522447e-01 1.811923490912252627e-06
3.000000000000000000e+00 1.000000000000000000e+00 1.393393165007955986e+03 6.368620026871625583e+01 4.594027209069604183e+26 1.000000000000000000e+00 5.921000000000000085e+01 5.004485322144576642e+00 5.475196652574264448e+25 9.275578993276596407e-01 2.366603671493676031e-12 5.725503095283537794e-15 1.892475210710015381e+04 3.114583030107216837e+04 2.120351277202852361e+04 9.111087638796765420e-01 7.837605836318300295e-04 9.103250032960447102e-01 1.564669872222578454e-06
2.799999999999997158e+00 1.000000000000000000e+00 1.730314594514781902e+03 7.656999252336493100e+01 5.124620417808869038e+26 1.000000000000000000e+00 1.658737392997121560e+02 1.164748374296012479e+01 5.834859104566200260e+25 9.426428527146685221e-01 2.308573183383983552e-12 5.854590580121902909e-15 1.840628459683652545e+04 3.184671720123719933e+04 2.096923468112815317e+04 8.485016537560873262e-01 5.872769152868076827e-04 8.479143768408005100e-01 1.393658059790552261e-06
2.599999999999997868e+00 1.000000000000000000e+00 2.190155129223150652e+03 9.372695106131219234e+01 6.488620891087547896e+26 1.000000000000000000e+00 2.655827586657682104e+02 1.724218444915447535e+01 1.421204670022705859e+26 8.493101694161948600e-01 2.509913453334699201e-12 1.321371574567145834e-14 2.016628254886650393e+04 3.290909177252399240e+04 2.329306242303498948e+04 7.840492461644157363e-01 4.221920080636250164e-04 7.836270541563521430e-01 1.105393291912664608e-06
2.399999999999998579e+00 1.000000000000000000e+00 2.790435290064586752e+03 1.149433511127365790e+02 8.354687056495640545e+26 1.000000000000000000e+00 4.042528587789243488e+02 2.441294799718103903e+01 2.225056668347798112e+26 7.576990801407801346e-01 2.708525789391835129e-12 1.842356065121245064e-14 2.304164430960601021e+04 3.433649323766274028e+04 2.689985216056275385e+04 7.181939269350449129e-01 2.855905554912168895e-04 7.179083363795536465e-01 8.710632015853488255e-07
2.199999999999999289e+00 1.000000000000000000e+00 3.547556204755206636e+03 1.406090579982765689e+02 1.087777463397649809e+27 1.000000000000000000e+00 5.939044374073860126e+02 3.355872991317330900e+01 3.353387833102421067e+26 6.735796762542403116e-01 2.866755651144883912e-12 2.364232598219886307e-14 2.630072632969513143e+04 3.603483532321332314e+04 3.084035853504248735e+04 6.517434604256220343e-01 1.770428442272556791e-04 6.515664175813947745e-01 6.979674398670020368e-07
2.000000000000000000e+00 1.000000000000000000e+00 4.440441758389784809e+03 1.701219748009453951e+02 1.420288886722461359e+27 1.000000000000000000e+00 8.343329837260523618e+02 4.455709229633799850e+01 4.919123961107278139e+26 6.021148580958466390e-01 2.932313928254527476e-12 2.807622524783490965e-14 2.981393090233849580e+04 3.788286193804010691e+04 3.500799145115307329e+04 5.856240901730954684e-01 9.568194096004911675e-05 5.855284082321353667e-01 5.765741984229433653e-07
