   29.800000000000001        3.7717156441701361E-029   3.7717156441701361E-029
   29.600000000000001        4.7213176327838960E-029   4.7213176327838960E-029
   29.399999999999999        5.9037453942769613E-029   5.9037453942769613E-029
   29.199999999999999        7.3745210442233843E-029   7.3745210442233843E-029
   29.000000000000000        9.2020274207860404E-029   9.2020274207860404E-029
   28.800000000000001        1.1470399039140882E-028   1.1470399039140882E-028
   28.600000000000001        1.4283041429103906E-028   1.4283041429103906E-028
   28.399999999999999        1.7766971155354556E-028   1.7766971155354556E-028
   28.199999999999999        2.2077650885105740E-028   2.2077650885105740E-028
   28.000000000000000        2.7406213231550758E-028   2.7406213231550758E-028
   27.800000000000001        3.3985913992345153E-028   3.3985913992345153E-028
   27.600000000000001        4.2102314778362750E-028   4.2102314778362750E-028
   27.399999999999999        5.2269489757139944E-028   5.2269489757139944E-028
   27.199999999999999        6.4254513430704670E-028   6.4254513430704670E-028
   27.000000000000000        7.9559512994755687E-028   7.9559512994755687E-028
   26.800000000000001        9.8163614732822693E-028   9.8163614732822693E-028
   26.600000000000001        1.2099797254884918E-027   1.2099797254884918E-027
   26.399999999999999        1.8486751424072329E-027   1.4899695348717265E-027
   26.199999999999999        3.3526205269097784E-027   1.8329522090644505E-027
   26.000000000000000        4.8447439191250145E-027   2.2526940463147501E-027
   25.800000000000001        6.3296427061559492E-027   2.7658813712361426E-027
   25.600000000000001        7.8520733767664822E-027   3.3927210654192532E-027
   25.399999999999999        9.5142533473812328E-027   4.1576618176698212E-027
   25.199999999999999        1.1463497628088096E-026   5.0902591864316027E-027
   25.000000000000000        1.3852416958499792E-026   6.2262110855985427E-027
   24.800000000000001        1.6807404139476622E-026   7.6085962665232934E-027
   24.600000000000001        2.0431708430121553E-026   9.2893567445732229E-027
   24.399999999999999        2.4833317808466081E-026   1.1331070703695073E-026
   24.199999999999999        3.0150735189897373E-026   1.3809067523009721E-026
   24.000000000000000        3.6563196511398358E-026   1.6813950038376487E-026
   23.800000000000001        4.4291339467545704E-026   2.0454607691173078E-026
   23.600000000000001        5.3598158539455538E-026   2.4861810580005561E-026
   23.399999999999999        6.4794060016102019E-026   3.0192485504993776E-026
   23.199999999999999        7.8245426002169046E-026   3.6634806056158280E-026
   23.000000000000000        9.4385466771244322E-026   4.4414262591282598E-026
   22.800000000000001        1.1372680230891345E-025   5.3800876429578711E-026
   22.600000000000001        1.3687585715955893E-025   6.5117763096041368E-026
   22.399999999999999        1.6454948871606515E-025   7.8751323187844983E-026
   22.199999999999999        1.9759434586793242E-025   9.5163358347157600E-026
   22.000000000000000        2.3700943529093815E-025   1.1490542964978561E-025
   21.799999999999997        2.8397237244300907E-025   1.3863590959714250E-025
   21.600000000000001        3.3987007390167470E-025   1.6714026040576736E-025
   21.399999999999999        4.0633464192148855E-025   2.0135505754404413E-025
   21.199999999999999        4.8528526975165220E-025   2.4239644317555493E-025
   21.000000000000000        5.7897706562347263E-025   2.9159394274684375E-025
   20.799999999999997        6.9005775115764207E-025   3.5053051699247544E-025
   20.600000000000001        8.2163368285682568E-025   4.2108992755692359E-025
   20.399999999999999        9.7734728448290274E-025   5.0551332941222772E-025
   20.199999999999999        1.1614658231227340E-024   6.0646446735315689E-025
   20.000000000000000        1.3789871193241056E-024   7.2711094271365552E-025
   19.799999999999997        1.6357607503097472E-024   8.7121578710173247E-025
   19.600000000000001        1.9386306934581839E-024   1.0432491698381726E-024
   19.399999999999999        2.2937941869974959E-024   1.2485192489993054E-024
   19.199999999999999        2.7160302765745522E-024   1.4933277709219994E-024
   19.000000000000000        3.2108521906512916E-024   1.7851541438435088E-024
   18.799999999999997        3.7928416158751517E-024   2.1328734895728464E-024
   18.600000000000001        4.4769203571298199E-024   2.5470156215150706E-024
   18.399999999999999        5.2805124582926719E-024   3.0400708089527995E-024
   18.199999999999999        6.2239661966015986E-024   3.6268535172224987E-024
   18.000000000000000        7.3310457762851586E-024   4.3249331922357172E-024
   17.799999999999997        8.6295067905025228E-024   5.1551433890581658E-024
   17.600000000000001        1.0151766974511069E-023   6.1421868871709932E-024
   17.399999999999999        1.1935695872262668E-023   7.3153546671369080E-024
   17.199999999999999        1.4025545044294773E-023   8.7093786971453677E-024
   17.000000000000000        1.6473040691197895E-023   1.0365444652317618E-023
   16.799999999999997        1.9338664346122462E-023   1.2332390808313645E-023
   16.600000000000001        2.2693170070492430E-023   1.4668138161809232E-023
   16.399999999999999        2.6619361808826590E-023   1.7441379961139959E-023
   16.199999999999999        3.1214178024296860E-023   2.0733597097557685E-023
   16.000000000000000        3.6591166222236757E-023   2.4641457492514179E-023
   15.799999999999999        4.2883433720303792E-023   2.9279668553642145E-023
   15.600000000000000        5.0247137026929626E-023   3.4784375879616337E-023
   15.399999999999999        5.8865614276068551E-023   4.1317189905079985E-023
   15.199999999999999        6.8954258772262759E-023   4.9069969549575424E-023
   15.000000000000000        8.0766294456634032E-023   5.8270578526741156E-023
   14.799999999999999        9.4599635377278049E-023   6.9189696714583262E-023
   14.600000000000000        1.1080505211065713E-022   8.2148962399838094E-023
   14.399999999999999        1.2979586427436376E-022   9.7530682942413133E-023
   14.199999999999999        1.5205953105992172E-022   1.1578943936513342E-022
   14.000000000000000        1.7817148500747841E-022   1.3746591144332670E-022
   13.800000000000001        2.0881152436902570E-022   1.6320339108236968E-022
   13.599999999999998        2.4478344623126521E-022   1.9376748238850348E-022
   13.399999999999999        2.8703854610930263E-022   2.3006974890468483E-022
   13.199999999999999        3.3670343185686135E-022   2.7319578704752005E-022
   13.000000000000000        3.9509822049776514E-022   3.2443874007779268E-022
   12.800000000000001        4.6384592307706275E-022   3.8533968242736954E-022
   12.599999999999998        5.4479596186540181E-022   4.5773594906203114E-022
   12.399999999999999        6.4018254618762087E-022   5.4381837406166621E-022
   12.199999999999999        7.5252465593229226E-022   6.4619913743701897E-022
   12.000000000000000        8.8461222683887731E-022   7.6799358315805420E-022
   11.800000000000001        1.0421395352602859E-021   9.1291801871166290E-022
   11.599999999999998        1.2274834068937019E-021   1.0855332542018480E-021
   11.399999999999999        1.4463653727493615E-021   1.2906187825501400E-021
   11.199999999999999        1.7055043329117527E-021   1.5352335105951388E-021
   11.000000000000000        2.0123114420795533E-021   1.8263935382177399E-021
   10.799999999999997        2.3757559312105591E-021   2.1731718879176822E-021
   10.599999999999998        2.8065076935498636E-021   2.5862264129358326E-021
   10.399999999999999        3.3172450858774801E-021   3.0782307609903911E-021
   10.199999999999999        3.9229685385630264E-021   3.6641904250457588E-021
   10.000000000000000        4.6416588338311836E-021   4.3621471192465665E-021
   9.7999999999999972        5.4942823244725278E-021   5.1929607018602536E-021
   9.5999999999999979        6.5057981406776975E-021   6.1817863022439223E-021
   9.3999999999999986        7.7055727173965033E-021   7.3579962206850932E-021
   9.1999999999999993        9.1280841793046917E-021   8.7561228819835262E-021
   9.0000000000000000        1.0813650469799064E-020   1.0416569713394855E-020
   8.7999999999999972        1.2809233534277952E-020   1.2386415135677643E-020
   8.5999999999999979        1.5169257315392459E-020   1.4720205521108999E-020
   8.3999999999999986        1.7956382777008790E-020   1.7480740218800698E-020
   8.1999999999999993        2.1242293289681251E-020   2.0739865060924798E-020
   8.0000000000000000        2.5108305727487071E-020   2.4579078880935864E-020
   7.7999999999999972        2.9645729472211807E-020   2.9089893353430632E-020
   7.5999999999999979        3.4955986048451304E-020   3.4373941087008138E-020
   7.3999999999999986        4.1150210116808774E-020   4.0542645450618246E-020
   7.1999999999999993        4.8348185828754362E-020   4.7716037454064158E-020
   7.0000000000000000        5.6676208399349802E-020   5.6020694295681610E-020
   6.7999999999999972        6.6264443713422477E-020   6.5587147012109548E-020
   6.5999999999999979        7.7242635583212655E-020   7.6545442983469317E-020
   6.3999999999999986        8.9733377676665944E-020   8.9018193854905271E-020
   6.1999999999999993        1.0384515775846181E-019   1.0311462995520824E-019
   6.0000000000000000        1.1966302946612130E-019   1.1892015673275654E-019
   5.7999999999999972        1.3723586439299037E-019   1.3648356775378165E-019
   5.5999999999999979        1.5656409382956416E-019   1.5580581309549333E-019
   5.3999999999999986        1.7783612980443968E-019   1.7682342158672370E-019
   5.1999999999999993        2.0086208733740362E-019   1.9939263498128008E-019
   5.0000000000000000        2.2538023077878749E-019   2.2327423621371800E-019
   4.7999999999999972        2.5106109779671184E-019   2.4811796903004340E-019
   4.5999999999999979        2.7745313286872872E-019   2.7344985248640116E-019
   4.3999999999999986        3.0395483437167968E-019   2.9867090016443510E-019
   4.1999999999999993        3.2981963266544907E-019   3.2304610711008629E-019
   4.0000000000000000        3.5414322734100981E-019   3.4572930278550046E-019
   3.7999999999999972        3.7591398316488862E-019   3.6576853796936867E-019
   3.5999999999999979        3.9399696455597128E-019   3.8215898596119503E-019
   3.3999999999999986        4.0681674093818716E-019   3.9387216065464410E-019
   3.1999999999999993        4.1333189484680147E-019   3.9994883503601116E-019
   3.0000000000000000        4.1294475811414580E-019   3.9953619999192123E-019
   2.7999999999999972        4.0515944728913664E-019   3.9201022996373436E-019
   2.5999999999999979        3.8971705999961598E-019   3.7702976918457010E-019
   2.3999999999999986        3.6670110961739162E-019   3.5464025918023702E-019
   2.1999999999999993        3.3662357596916710E-019   3.2532316063412912E-019
   2.0000000000000000        3.0045438223893895E-019   2.9000620158529333E-019
   1.7999999999999972        2.5962112256816022E-019   2.5010064914394832E-019
   1.5999999999999979        2.1594798312399448E-019   2.0740711873084392E-019
   1.3999999999999986        1.7155463634153027E-019   1.6402023762845188E-019
   1.1999999999999993        1.2867816595324479E-019   1.2215365204234298E-019
   1.0000000000000000        8.9479342712808371E-020   8.3945586301592308E-020
  0.79999999999999716        5.5802829403434153E-020   5.1216805695080670E-020
  0.59999999999999787        2.8954574473049120E-020   2.5249546164496304E-020
  0.39999999999999858        9.5214634577338376E-021   6.6096595513065043E-021
  0.19999999999999929        0.0000000000000000        0.0000000000000000     
   0.0000000000000000        0.0000000000000000        0.0000000000000000     
   29.800000000000001        3.7717156441701361E-029   3.7717156441701361E-029
   29.600000000000001        4.7213176327838960E-029   4.7213176327838960E-029
   29.399999999999999        5.9037453942769613E-029   5.9037453942769613E-029
   29.199999999999999        7.3745210442233843E-029   7.3745210442233843E-029
   29.000000000000000        9.2020274207860404E-029   9.2020274207860404E-029
   28.800000000000001        1.1470399039140882E-028   1.1470399039140882E-028
   28.600000000000001        1.4283041429103906E-028   1.4283041429103906E-028
   28.399999999999999        1.7766971155354556E-028   1.7766971155354556E-028
   28.199999999999999        2.2077650885105740E-028   2.2077650885105740E-028
   28.000000000000000        2.7406213231550758E-028   2.7406213231550758E-028
   27.800000000000001        3.3985913992345153E-028   3.3985913992345153E-028
   27.600000000000001        4.2102314778362750E-028   4.2102314778362750E-028
   27.399999999999999        5.2269489757139944E-028   5.2269489757139944E-028
   27.199999999999999        6.4254513430704670E-028   6.4254513430704670E-028
   27.000000000000000        7.9559512994755687E-028   7.9559512994755687E-028
   26.800000000000001        9.8163614732822693E-028   9.8163614732822693E-028
   26.600000000000001        1.2099797254884918E-027   1.2099797254884918E-027
   26.399999999999999        1.8486751424072329E-027   1.4899695348717265E-027
   26.199999999999999        3.3526205269097784E-027   1.8329522090644505E-027
   26.000000000000000        4.8447439191250145E-027   2.2526940463147501E-027
   25.800000000000001        6.3296427061559492E-027   2.7658813712361426E-027
   25.600000000000001        7.8520733767664822E-027   3.3927210654192532E-027
   25.399999999999999        9.5142533473812328E-027   4.1576618176698212E-027
   25.199999999999999        1.1463497628088096E-026   5.0902591864316027E-027
   25.000000000000000        1.3852416958499792E-026   6.2262110855985427E-027
   24.800000000000001        1.6807404139476622E-026   7.6085962665232934E-027
   24.600000000000001        2.0431708430121553E-026   9.2893567445732229E-027
   24.399999999999999        2.4833317808466081E-026   1.1331070703695073E-026
   24.199999999999999        3.0150735189897373E-026   1.3809067523009721E-026
   24.000000000000000        3.6563196511398358E-026   1.6813950038376487E-026
   23.800000000000001        4.4291339467545704E-026   2.0454607691173078E-026
   23.600000000000001        5.3598158539455538E-026   2.4861810580005561E-026
   23.399999999999999        6.4794060016102019E-026   3.0192485504993776E-026
   23.199999999999999        7.8245426002169046E-026   3.6634806056158280E-026
   23.000000000000000        9.4385466771244322E-026   4.4414262591282598E-026
   22.800000000000001        1.1372680230891345E-025   5.3800876429578711E-026
   22.600000000000001        1.3687585715955893E-025   6.5117763096041368E-026
   22.399999999999999        1.6454948871606515E-025   7.8751323187844983E-026
   22.199999999999999        1.9759434586793242E-025   9.5163358347157600E-026
   22.000000000000000        2.3700943529093815E-025   1.1490542964978561E-025
   21.799999999999997        2.8397237244300907E-025   1.3863590959714250E-025
   21.600000000000001        3.3987007390167470E-025   1.6714026040576736E-025
   21.399999999999999        4.0633464192148855E-025   2.0135505754404413E-025
   21.199999999999999        4.8528526975165220E-025   2.4239644317555493E-025
   21.000000000000000        5.7897706562347263E-025   2.9159394274684375E-025
   20.799999999999997        6.9005775115764207E-025   3.5053051699247544E-025
   20.600000000000001        8.2163368285682568E-025   4.2108992755692359E-025
   20.399999999999999        9.7734728448290274E-025   5.0551332941222772E-025
   20.199999999999999        1.1614658231227340E-024   6.0646446735315689E-025
   20.000000000000000        1.3789871193241056E-024   7.2711094271365552E-025
   19.799999999999997        1.6357607503097472E-024   8.7121578710173247E-025
   19.600000000000001        1.9386306934581839E-024   1.0432491698381726E-024
   19.399999999999999        2.2937941869974959E-024   1.2485192489993054E-024
   19.199999999999999        2.7160302765745522E-024   1.4933277709219994E-024
   19.000000000000000        3.2108521906512916E-024   1.7851541438435088E-024
   18.799999999999997        3.7928416158751517E-024   2.1328734895728464E-024
   18.600000000000001        4.4769203571298199E-024   2.5470156215150706E-024
   18.399999999999999        5.2805124582926719E-024   3.0400708089527995E-024
   18.199999999999999        6.2239661966015986E-024   3.6268535172224987E-024
   18.000000000000000        7.3310457762851586E-024   4.3249331922357172E-024
   17.799999999999997        8.6295067905025228E-024   5.1551433890581658E-024
   17.600000000000001        1.0151766974511069E-023   6.1421868871709932E-024
   17.399999999999999        1.1935695872262668E-023   7.3153546671369080E-024
   17.199999999999999        1.4025545044294773E-023   8.7093786971453677E-024
   17.000000000000000        1.6473040691197895E-023   1.0365444652317618E-023
   16.799999999999997        1.9338664346122462E-023   1.2332390808313645E-023
   16.600000000000001        2.2693170070492430E-023   1.4668138161809232E-023
   16.399999999999999        2.6619361808826590E-023   1.7441379961139959E-023
   16.199999999999999        3.1214178024296860E-023   2.0733597097557685E-023
   16.000000000000000        3.6591166222236757E-023   2.4641457492514179E-023
   15.799999999999999        4.2883433720303792E-023   2.9279668553642145E-023
   15.600000000000000        5.0247137026929626E-023   3.4784375879616337E-023
   15.399999999999999        5.8865614276068551E-023   4.1317189905079985E-023
   15.199999999999999        6.8954258772262759E-023   4.9069969549575424E-023
   15.000000000000000        8.0766294456634032E-023   5.8270578526741156E-023
   14.799999999999999        9.4599635377278049E-023   6.9189696714583262E-023
   14.600000000000000        1.1080505211065713E-022   8.2148962399838094E-023
   14.399999999999999        1.2979586427436376E-022   9.7530682942413133E-023
   14.199999999999999        1.5205953105992172E-022   1.1578943936513342E-022
   14.000000000000000        1.7817148500747841E-022   1.3746591144332670E-022
   13.800000000000001        2.0881152436902570E-022   1.6320339108236968E-022
   13.599999999999998        2.4478344623126521E-022   1.9376748238850348E-022
   13.399999999999999        2.8703854610930263E-022   2.3006974890468483E-022
   13.199999999999999        3.3670343185686135E-022   2.7319578704752005E-022
   13.000000000000000        3.9509822049776514E-022   3.2443874007779268E-022
   12.800000000000001        4.6384592307706275E-022   3.8533968242736954E-022
   12.599999999999998        5.4479596186540181E-022   4.5773594906203114E-022
   12.399999999999999        6.4018254618762087E-022   5.4381837406166621E-022
   12.199999999999999        7.5252465593229226E-022   6.4619913743701897E-022
   12.000000000000000        8.8461222683887731E-022   7.6799358315805420E-022
   11.800000000000001        1.0421395352602859E-021   9.1291801871166290E-022
   11.599999999999998        1.2274834068937019E-021   1.0855332542018480E-021
   11.399999999999999        1.4463653727493615E-021   1.2906187825501400E-021
   11.199999999999999        1.7055043329117527E-021   1.5352335105951388E-021
   11.000000000000000        2.0123114420795533E-021   1.8263935382177399E-021
   10.799999999999997        2.3757559312105591E-021   2.1731718879176822E-021
   10.599999999999998        2.8065076935498636E-021   2.5862264129358326E-021
   10.399999999999999        3.3172450858774801E-021   3.0782307609903911E-021
   10.199999999999999        3.9229685385630264E-021   3.6641904250457588E-021
   10.000000000000000        4.6416588338311836E-021   4.3621471192465665E-021
   9.7999999999999972        5.4942823244725278E-021   5.1929607018602536E-021
   9.5999999999999979        6.5057981406776975E-021   6.1817863022439223E-021
   9.3999999999999986        7.7055727173965033E-021   7.3579962206850932E-021
   9.1999999999999993        9.1280841793046917E-021   8.7561228819835262E-021
   9.0000000000000000        1.0813650469799064E-020   1.0416569713394855E-020
   8.7999999999999972        1.2809233534277952E-020   1.2386415135677643E-020
   8.5999999999999979        1.5169257315392459E-020   1.4720205521108999E-020
   8.3999999999999986        1.7956382777008790E-020   1.7480740218800698E-020
   8.1999999999999993        2.1242293289681251E-020   2.0739865060924798E-020
   8.0000000000000000        2.5108305727487071E-020   2.4579078880935864E-020
   7.7999999999999972        2.9645729472211807E-020   2.9089893353430632E-020
   7.5999999999999979        3.4955986048451304E-020   3.4373941087008138E-020
   7.3999999999999986        4.1150210116808774E-020   4.0542645450618246E-020
   7.1999999999999993        4.8348185828754362E-020   4.7716037454064158E-020
   7.0000000000000000        5.6676208399349802E-020   5.6020694295681610E-020
   6.7999999999999972        6.6264443713422477E-020   6.5587147012109548E-020
   6.5999999999999979        7.7242635583212655E-020   7.6545442983469317E-020
   6.3999999999999986        8.9733377676665944E-020   8.9018193854905271E-020
   6.1999999999999993        1.0384515775846181E-019   1.0311462995520824E-019
   6.0000000000000000        1.1966302946612130E-019   1.1892015673275654E-019
   5.7999999999999972        1.3723586439299037E-019   1.3648356775378165E-019
   5.5999999999999979        1.5656409382956416E-019   1.5580581309549333E-019
   5.3999999999999986        1.7783612980443968E-019   1.7682342158672370E-019
   5.1999999999999993        2.0086208733740362E-019   1.9939263498128008E-019
   5.0000000000000000        2.2538023077878749E-019   2.2327423621371800E-019
   4.7999999999999972        2.5106109779671184E-019   2.4811796903004340E-019
   4.5999999999999979        2.7745313286872872E-019   2.7344985248640116E-019
   4.3999999999999986        3.0395483437167968E-019   2.9867090016443510E-019
   4.1999999999999993        3.2981963266544907E-019   3.2304610711008629E-019
   4.0000000000000000        3.5414322734100981E-019   3.4572930278550046E-019
   3.7999999999999972        3.7591398316488862E-019   3.6576853796936867E-019
   3.5999999999999979        3.9399696455597128E-019   3.8215898596119503E-019
   3.3999999999999986        4.0681674093818716E-019   3.9387216065464410E-019
   3.1999999999999993        4.1333189484680147E-019   3.9994883503601116E-019
   3.0000000000000000        4.1294475811414580E-019   3.9953619999192123E-019
   2.7999999999999972        4.0515944728913664E-019   3.9201022996373436E-019
   2.5999999999999979        3.8971705999961598E-019   3.7702976918457010E-019
   2.3999999999999986        3.6670110961739162E-019   3.5464025918023702E-019
   2.1999999999999993        3.3662357596916710E-019   3.2532316063412912E-019
   2.0000000000000000        3.0045438223893895E-019   2.9000620158529333E-019
   1.7999999999999972        2.5962112256816022E-019   2.5010064914394832E-019
   1.5999999999999979        2.1594798312399448E-019   2.0740711873084392E-019
   1.3999999999999986        1.7155463634153027E-019   1.6402023762845188E-019
   1.1999999999999993        1.2867816595324479E-019   1.2215365204234298E-019
   1.0000000000000000        8.9479342712808371E-020   8.3945586301592308E-020
  0.79999999999999716        5.5802829403434153E-020   5.1216805695080670E-020
  0.59999999999999787        2.8954574473049120E-020   2.5249546164496304E-020
  0.39999999999999858        9.5214634577338376E-021   6.6096595513065043E-021
  0.19999999999999929        0.0000000000000000        0.0000000000000000     
   0.0000000000000000        0.0000000000000000        0.0000000000000000     
   29.800000000000001        3.7717156441701361E-029   3.7717156441701361E-029
   29.600000000000001        4.7213176327838960E-029   4.7213176327838960E-029
   29.399999999999999        5.9037453942769613E-029   5.9037453942769613E-029
   29.199999999999999        7.3745210442233843E-029   7.3745210442233843E-029
   29.000000000000000        9.2020274207860404E-029   9.2020274207860404E-029
   28.800000000000001        1.1470399039140882E-028   1.1470399039140882E-028
   28.600000000000001        1.4283041429103906E-028   1.4283041429103906E-028
   28.399999999999999        1.7766971155354556E-028   1.7766971155354556E-028
   28.199999999999999        2.2077650885105740E-028   2.2077650885105740E-028
   28.000000000000000        2.7406213231550758E-028   2.7406213231550758E-028
   27.800000000000001        3.3985913992345153E-028   3.3985913992345153E-028
   27.600000000000001        4.2102314778362750E-028   4.2102314778362750E-028
   27.399999999999999        5.2269489757139944E-028   5.2269489757139944E-028
   27.199999999999999        6.4254513430704670E-028   6.4254513430704670E-028
   27.000000000000000        7.9559512994755687E-028   7.9559512994755687E-028
   26.800000000000001        9.8163614732822693E-028   9.8163614732822693E-028
   26.600000000000001        1.2099797254884918E-027   1.2099797254884918E-027
   26.399999999999999        1.8486751424072329E-027   1.4899695348717265E-027
   26.199999999999999        3.3526205269097784E-027   1.8329522090644505E-027
   26.000000000000000        4.8447439191250145E-027   2.2526940463147501E-027
   25.800000000000001        6.3296427061559492E-027   2.7658813712361426E-027
   25.600000000000001        7.8520733767664822E-027   3.3927210654192532E-027
   25.399999999999999        9.5142533473812328E-027   4.1576618176698212E-027
   25.199999999999999        1.1463497628088096E-026   5.0902591864316027E-027
   25.000000000000000        1.3852416958499792E-026   6.2262110855985427E-027
   24.800000000000001        1.6807404139476622E-026   7.6085962665232934E-027
   24.600000000000001        2.0431708430121553E-026   9.2893567445732229E-027
   24.399999999999999        2.4833317808466081E-026   1.1331070703695073E-026
   24.199999999999999        3.0150735189897373E-026   1.3809067523009721E-026
   24.000000000000000        3.6563196511398358E-026   1.6813950038376487E-026
   23.800000000000001        4.4291339467545704E-026   2.0454607691173078E-026
   23.600000000000001        5.3598158539455538E-026   2.4861810580005561E-026
   23.399999999999999        6.4794060016102019E-026   3.0192485504993776E-026
   23.199999999999999        7.8245426002169046E-026   3.6634806056158280E-026
   23.000000000000000        9.4385466771244322E-026   4.4414262591282598E-026
   22.800000000000001        1.1372680230891345E-025   5.3800876429578711E-026
   22.600000000000001        1.3687585715955893E-025   6.5117763096041368E-026
   22.399999999999999        1.6454948871606515E-025   7.8751323187844983E-026
   22.199999999999999        1.9759434586793242E-025   9.5163358347157600E-026
   22.000000000000000        2.3700943529093815E-025   1.1490542964978561E-025
   21.799999999999997        2.8397237244300907E-025   1.3863590959714250E-025
   21.600000000000001        3.3987007390167470E-025   1.6714026040576736E-025
   21.399999999999999        4.0633464192148855E-025   2.0135505754404413E-025
   21.199999999999999        4.8528526975165220E-025   2.4239644317555493E-025
   21.000000000000000        5.7897706562347263E-025   2.9159394274684375E-025
   20.799999999999997        6.9005775115764207E-025   3.5053051699247544E-025
   20.600000000000001        8.2163368285682568E-025   4.2108992755692359E-025
   20.399999999999999        9.7734728448290274E-025   5.0551332941222772E-025
   20.199999999999999        1.1614658231227340E-024   6.0646446735315689E-025
   20.000000000000000        1.3789871193241056E-024   7.2711094271365552E-025
   19.799999999999997        1.6357607503097472E-024   8.7121578710173247E-025
   19.600000000000001        1.9386306934581839E-024   1.0432491698381726E-024
   19.399999999999999        2.2937941869974959E-024   1.2485192489993054E-024
   19.199999999999999        2.7160302765745522E-024   1.4933277709219994E-024
   19.000000000000000        3.2108521906512916E-024   1.7851541438435088E-024
   18.799999999999997        3.7928416158751517E-024   2.1328734895728464E-024
   18.600000000000001        4.4769203571298199E-024   2.5470156215150706E-024
   18.399999999999999        5.2805124582926719E-024   3.0400708089527995E-024
   18.199999999999999        6.2239661966015986E-024   3.6268535172224987E-024
   18.000000000000000        7.3310457762851586E-024   4.3249331922357172E-024
   17.799999999999997        8.6295067905025228E-024   5.1551433890581658E-024
   17.600000000000001        1.0151766974511069E-023   6.1421868871709932E-024
   17.399999999999999        1.1935695872262668E-023   7.3153546671369080E-024
   17.199999999999999        1.4025545044294773E-023   8.7093786971453677E-024
   17.000000000000000        1.6473040691197895E-023   1.0365444652317618E-023
   16.799999999999997        1.9338664346122462E-023   1.2332390808313645E-023
   16.600000000000001        2.2693170070492430E-023   1.4668138161809232E-023
   16.399999999999999        2.6619361808826590E-023   1.7441379961139959E-023
   16.199999999999999        3.1214178024296860E-023   2.0733597097557685E-023
   16.000000000000000        3.6591166222236757E-023   2.4641457492514179E-023
   15.799999999999999        4.2883433720303792E-023   2.9279668553642145E-023
   15.600000000000000        5.0247137026929626E-023   3.4784375879616337E-023
   15.399999999999999        5.8865614276068551E-023   4.1317189905079985E-023
   15.199999999999999        6.8954258772262759E-023   4.9069969549575424E-023
   15.000000000000000        8.0766294456634032E-023   5.8270578526741156E-023
   14.799999999999999        9.4599635377278049E-023   6.9189696714583262E-023
   14.600000000000000        1.1080505211065713E-022   8.2148962399838094E-023
   14.399999999999999        1.2979586427436376E-022   9.7530682942413133E-023
   14.199999999999999        1.5205953105992172E-022   1.1578943936513342E-022
   14.000000000000000        1.7817148500747841E-022   1.3746591144332670E-022
   13.800000000000001        2.0881152436902570E-022   1.6320339108236968E-022
   13.599999999999998        2.4478344623126521E-022   1.9376748238850348E-022
   13.399999999999999        2.8703854610930263E-022   2.3006974890468483E-022
   13.199999999999999        3.3670343185686135E-022   2.7319578704752005E-022
   13.000000000000000        3.9509822049776514E-022   3.2443874007779268E-022
   12.800000000000001        4.6384592307706275E-022   3.8533968242736954E-022
   12.599999999999998        5.4479596186540181E-022   4.5773594906203114E-022
   12.399999999999999        6.4018254618762087E-022   5.4381837406166621E-022
   12.199999999999999        7.5252465593229226E-022   6.4619913743701897E-022
   12.000000000000000        8.8461222683887731E-022   7.6799358315805420E-022
   11.800000000000001        1.0421395352602859E-021   9.1291801871166290E-022
   11.599999999999998        1.2274834068937019E-021   1.0855332542018480E-021
   11.399999999999999        1.4463653727493615E-021   1.2906187825501400E-021
   11.199999999999999        1.7055043329117527E-021   1.5352335105951388E-021
   11.000000000000000        2.0123114420795533E-021   1.8263935382177399E-021
   10.799999999999997        2.3757559312105591E-021   2.1731718879176822E-021
   10.599999999999998        2.8065076935498636E-021   2.5862264129358326E-021
   10.399999999999999        3.3172450858774801E-021   3.0782307609903911E-021
   10.199999999999999        3.9229685385630264E-021   3.6641904250457588E-021
   10.000000000000000        4.6416588338311836E-021   4.3621471192465665E-021
   9.7999999999999972        5.4942823244725278E-021   5.1929607018602536E-021
   9.5999999999999979        6.5057981406776975E-021   6.1817863022439223E-021
   9.3999999999999986        7.7055727173965033E-021   7.3579962206850932E-021
   9.1999999999999993        9.1280841793046917E-021   8.7561228819835262E-021
   9.0000000000000000        1.0813650469799064E-020   1.0416569713394855E-020
   8.7999999999999972        1.2809233534277952E-020   1.2386415135677643E-020
   8.5999999999999979        1.5169257315392459E-020   1.4720205521108999E-020
   8.3999999999999986        1.7956382777008790E-020   1.7480740218800698E-020
   8.1999999999999993        2.1242293289681251E-020   2.0739865060924798E-020
   8.0000000000000000        2.5108305727487071E-020   2.4579078880935864E-020
   7.7999999999999972        2.9645729472211807E-020   2.9089893353430632E-020
   7.5999999999999979        3.4955986048451304E-020   3.4373941087008138E-020
   7.3999999999999986        4.1150210116808774E-020   4.0542645450618246E-020
   7.1999999999999993        4.8348185828754362E-020   4.7716037454064158E-020
   7.0000000000000000        5.6676208399349802E-020   5.6020694295681610E-020
   6.7999999999999972        6.6264443713422477E-020   6.5587147012109548E-020
   6.5999999999999979        7.7242635583212655E-020   7.6545442983469317E-020
   6.3999999999999986        8.9733377676665944E-020   8.9018193854905271E-020
   6.1999999999999993        1.0384515775846181E-019   1.0311462995520824E-019
   6.0000000000000000        1.1966302946612130E-019   1.1892015673275654E-019
   5.7999999999999972        1.3723586439299037E-019   1.3648356775378165E-019
   5.5999999999999979        1.5656409382956416E-019   1.5580581309549333E-019
   5.3999999999999986        1.7783612980443968E-019   1.7682342158672370E-019
   5.1999999999999993        2.0086208733740362E-019   1.9939263498128008E-019
   5.0000000000000000        2.2538023077878749E-019   2.2327423621371800E-019
   4.7999999999999972        2.5106109779671184E-019   2.4811796903004340E-019
   4.5999999999999979        2.7745313286872872E-019   2.7344985248640116E-019
   4.3999999999999986        3.0395483437167968E-019   2.9867090016443510E-019
   4.1999999999999993        3.2981963266544907E-019   3.2304610711008629E-019
   4.0000000000000000        3.5414322734100981E-019   3.4572930278550046E-019
   3.7999999999999972        3.7591398316488862E-019   3.6576853796936867E-019
   3.5999999999999979        3.9399696455597128E-019   3.8215898596119503E-019
   3.3999999999999986        4.0681674093818716E-019   3.9387216065464410E-019
   3.1999999999999993        4.1333189484680147E-019   3.9994883503601116E-019
   3.0000000000000000        4.1294475811414580E-019   3.9953619999192123E-019
   2.7999999999999972        4.0515944728913664E-019   3.9201022996373436E-019
   2.5999999999999979        3.8971705999961598E-019   3.7702976918457010E-019
   2.3999999999999986        3.6670110961739162E-019   3.5464025918023702E-019
   2.1999999999999993        3.3662357596916710E-019   3.2532316063412912E-019
   2.0000000000000000        3.0045438223893895E-019   2.9000620158529333E-019
   1.7999999999999972        2.5962112256816022E-019   2.5010064914394832E-019
   1.5999999999999979        2.1594798312399448E-019   2.0740711873084392E-019
   1.3999999999999986        1.7155463634153027E-019   1.6402023762845188E-019
   1.1999999999999993        1.2867816595324479E-019   1.2215365204234298E-019
   1.0000000000000000        8.9479342712808371E-020   8.3945586301592308E-020
  0.79999999999999716        5.5802829403434153E-020   5.1216805695080670E-020
  0.59999999999999787        2.8954574473049120E-020   2.5249546164496304E-020
  0.39999999999999858        9.5214634577338376E-021   6.6096595513065043E-021
  0.19999999999999929        0.0000000000000000        0.0000000000000000     
   0.0000000000000000        0.0000000000000000        0.0000000000000000     
   29.800000000000001        3.7717156441701361E-029   3.7717156441701361E-029
   29.600000000000001        4.7213176327838960E-029   4.7213176327838960E-029
   29.399999999999999        5.9037453942769613E-029   5.9037453942769613E-029
   29.199999999999999        7.3745210442233843E-029   7.3745210442233843E-029
   29.000000000000000        9.2020274207860404E-029   9.2020274207860404E-029
   28.800000000000001        1.1470399039140882E-028   1.1470399039140882E-028
   28.600000000000001        1.4283041429103906E-028   1.4283041429103906E-028
   28.399999999999999        1.7766971155354556E-028   1.7766971155354556E-028
   28.199999999999999        2.2077650885105740E-028   2.2077650885105740E-028
   28.000000000000000        2.7406213231550758E-028   2.7406213231550758E-028
   27.800000000000001        3.3985913992345153E-028   3.3985913992345153E-028
   27.600000000000001        4.2102314778362750E-028   4.2102314778362750E-028
   27.399999999999999        5.2269489757139944E-028   5.2269489757139944E-028
   27.199999999999999        6.4254513430704670E-028   6.4254513430704670E-028
   27.000000000000000        7.9559512994755687E-028   7.9559512994755687E-028
   26.800000000000001        9.8163614732822693E-028   9.8163614732822693E-028
   26.600000000000001        1.2099797254884918E-027   1.2099797254884918E-027
   26.399999999999999        1.8486751424072329E-027   1.4899695348717265E-027
   26.199999999999999        3.3526205269097784E-027   1.8329522090644505E-027
   26.000000000000000        4.8447439191250145E-027   2.2526940463147501E-027
   25.800000000000001        6.3296427061559492E-027   2.7658813712361426E-027
   25.600000000000001        7.8520733767664822E-027   3.3927210654192532E-027
   25.399999999999999        9.5142533473812328E-027   4.1576618176698212E-027
   25.199999999999999        1.1463497628088096E-026   5.0902591864316027E-027
   25.000000000000000        1.3852416958499792E-026   6.2262110855985427E-027
   24.800000000000001        1.6807404139476622E-026   7.6085962665232934E-027
   24.600000000000001        2.0431708430121553E-026   9.2893567445732229E-027
   24.399999999999999        2.4833317808466081E-026   1.1331070703695073E-026
   24.199999999999999        3.0150735189897373E-026   1.3809067523009721E-026
   24.000000000000000        3.6563196511398358E-026   1.6813950038376487E-026
   23.800000000000001        4.4291339467545704E-026   2.0454607691173078E-026
   23.600000000000001        5.3598158539455538E-026   2.4861810580005561E-026
   23.399999999999999        6.4794060016102019E-026   3.0192485504993776E-026
   23.199999999999999        7.8245426002169046E-026   3.6634806056158280E-026
   23.000000000000000        9.4385466771244322E-026   4.4414262591282598E-026
   22.800000000000001        1.1372680230891345E-025   5.3800876429578711E-026
   22.600000000000001        1.3687585715955893E-025   6.5117763096041368E-026
   22.399999999999999        1.6454948871606515E-025   7.8751323187844983E-026
   22.199999999999999        1.9759434586793242E-025   9.5163358347157600E-026
   22.000000000000000        2.3700943529093815E-025   1.1490542964978561E-025
   21.799999999999997        2.8397237244300907E-025   1.3863590959714250E-025
   21.600000000000001        3.3987007390167470E-025   1.6714026040576736E-025
   21.399999999999999        4.0633464192148855E-025   2.0135505754404413E-025
   21.199999999999999        4.8528526975165220E-025   2.4239644317555493E-025
   21.000000000000000        5.7897706562347263E-025   2.9159394274684375E-025
   20.799999999999997        6.9005775115764207E-025   3.5053051699247544E-025
   20.600000000000001        8.2163368285682568E-025   4.2108992755692359E-025
   20.399999999999999        9.7734728448290274E-025   5.0551332941222772E-025
   20.199999999999999        1.1614658231227340E-024   6.0646446735315689E-025
   20.000000000000000        1.3789871193241056E-024   7.2711094271365552E-025
   19.799999999999997        1.6357607503097472E-024   8.7121578710173247E-025
   19.600000000000001        1.9386306934581839E-024   1.0432491698381726E-024
   19.399999999999999        2.2937941869974959E-024   1.2485192489993054E-024
   19.199999999999999        2.7160302765745522E-024   1.4933277709219994E-024
   19.000000000000000        3.2108521906512916E-024   1.7851541438435088E-024
   18.799999999999997        3.7928416158751517E-024   2.1328734895728464E-024
   18.600000000000001        4.4769203571298199E-024   2.5470156215150706E-024
   18.399999999999999        5.2805124582926719E-024   3.0400708089527995E-024
   18.199999999999999        6.2239661966015986E-024   3.6268535172224987E-024
   18.000000000000000        7.3310457762851586E-024   4.3249331922357172E-024
   17.799999999999997        8.6295067905025228E-024   5.1551433890581658E-024
   17.600000000000001        1.0151766974511069E-023   6.1421868871709932E-024
   17.399999999999999        1.1935695872262668E-023   7.3153546671369080E-024
   17.199999999999999        1.4025545044294773E-023   8.7093786971453677E-024
   17.000000000000000        1.6473040691197895E-023   1.0365444652317618E-023
   16.799999999999997        1.9338664346122462E-023   1.2332390808313645E-023
   16.600000000000001        2.2693170070492430E-023   1.4668138161809232E-023
   16.399999999999999        2.6619361808826590E-023   1.7441379961139959E-023
   16.199999999999999        3.1214178024296860E-023   2.0733597097557685E-023
   16.000000000000000        3.6591166222236757E-023   2.4641457492514179E-023
   15.799999999999999        4.2883433720303792E-023   2.9279668553642145E-023
   15.600000000000000        5.0247137026929626E-023   3.4784375879616337E-023
   15.399999999999999        5.8865614276068551E-023   4.1317189905079985E-023
   15.199999999999999        6.8954258772262759E-023   4.9069969549575424E-023
   15.000000000000000        8.0766294456634032E-023   5.8270578526741156E-023
   14.799999999999999        9.4599635377278049E-023   6.9189696714583262E-023
   14.600000000000000        1.1080505211065713E-022   8.2148962399838094E-023
   14.399999999999999        1.2979586427436376E-022   9.7530682942413133E-023
   14.199999999999999        1.5205953105992172E-022   1.1578943936513342E-022
   14.000000000000000        1.7817148500747841E-022   1.3746591144332670E-022
   13.800000000000001        2.0881152436902570E-022   1.6320339108236968E-022
   13.599999999999998        2.4478344623126521E-022   1.9376748238850348E-022
   13.399999999999999        2.8703854610930263E-022   2.3006974890468483E-022
   13.199999999999999        3.3670343185686135E-022   2.7319578704752005E-022
   13.000000000000000        3.9509822049776514E-022   3.2443874007779268E-022
   12.800000000000001        4.6384592307706275E-022   3.8533968242736954E-022
   12.599999999999998        5.4479596186540181E-022   4.5773594906203114E-022
   12.399999999999999        6.4018254618762087E-022   5.4381837406166621E-022
   12.199999999999999        7.5252465593229226E-022   6.4619913743701897E-022
   12.000000000000000        8.8461222683887731E-022   7.6799358315805420E-022
   11.800000000000001        1.0421395352602859E-021   9.1291801871166290E-022
   11.599999999999998        1.2274834068937019E-021   1.0855332542018480E-021
   11.399999999999999        1.4463653727493615E-021   1.2906187825501400E-021
   11.199999999999999        1.7055043329117527E-021   1.5352335105951388E-021
   11.000000000000000        2.0123114420795533E-021   1.8263935382177399E-021
   10.799999999999997        2.3757559312105591E-021   2.1731718879176822E-021
   10.599999999999998        2.8065076935498636E-021   2.5862264129358326E-021
   10.399999999999999        3.3172450858774801E-021   3.0782307609903911E-021
   10.199999999999999        3.9229685385630264E-021   3.6641904250457588E-021
   10.000000000000000        4.6416588338311836E-021   4.3621471192465665E-021
   9.7999999999999972        5.4942823244725278E-021   5.1929607018602536E-021
   9.5999999999999979        6.5057981406776975E-021   6.1817863022439223E-021
   9.3999999999999986        7.7055727173965033E-021   7.3579962206850932E-021
   9.1999999999999993        9.1280841793046917E-021   8.7561228819835262E-021
   9.0000000000000000        1.0813650469799064E-020   1.0416569713394855E-020
   8.7999999999999972        1.2809233534277952E-020   1.2386415135677643E-020
   8.5999999999999979        1.5169257315392459E-020   1.4720205521108999E-020
   8.3999999999999986        1.7956382777008790E-020   1.7480740218800698E-020
   8.1999999999999993        2.1242293289681251E-020   2.0739865060924798E-020
   8.0000000000000000        2.5108305727487071E-020   2.4579078880935864E-020
   7.7999999999999972        2.9645729472211807E-020   2.9089893353430632E-020
   7.5999999999999979        3.4955986048451304E-020   3.4373941087008138E-020
   7.3999999999999986        4.1150210116808774E-020   4.0542645450618246E-020
   7.1999999999999993        4.8348185828754362E-020   4.7716037454064158E-020
   7.0000000000000000        5.6676208399349802E-020   5.6020694295681610E-020
   6.7999999999999972        6.6264443713422477E-020   6.5587147012109548E-020
   6.5999999999999979        7.7242635583212655E-020   7.6545442983469317E-020
   6.3999999999999986        8.9733377676665944E-020   8.9018193854905271E-020
   6.1999999999999993        1.0384515775846181E-019   1.0311462995520824E-019
   6.0000000000000000        1.1966302946612130E-019   1.1892015673275654E-019
   5.7999999999999972        1.3723586439299037E-019   1.3648356775378165E-019
   5.5999999999999979        1.5656409382956416E-019   1.5580581309549333E-019
   5.3999999999999986        1.7783612980443968E-019   1.7682342158672370E-019
   5.1999999999999993        2.0086208733740362E-019   1.9939263498128008E-019
   5.0000000000000000        2.2538023077878749E-019   2.2327423621371800E-019
   4.7999999999999972        2.5106109779671184E-019   2.4811796903004340E-019
   4.5999999999999979        2.7745313286872872E-019   2.7344985248640116E-019
   4.3999999999999986        3.0395483437167968E-019   2.9867090016443510E-019
   4.1999999999999993        3.2981963266544907E-019   3.2304610711008629E-019
   4.0000000000000000        3.5414322734100981E-019   3.4572930278550046E-019
   3.7999999999999972        3.7591398316488862E-019   3.6576853796936867E-019
   3.5999999999999979        3.9399696455597128E-019   3.8215898596119503E-019
   3.3999999999999986        4.0681674093818716E-019   3.9387216065464410E-019
   3.1999999999999993        4.1333189484680147E-019   3.9994883503601116E-019
   3.0000000000000000        4.1294475811414580E-019   3.9953619999192123E-019
   2.7999999999999972        4.0515944728913664E-019   3.9201022996373436E-019
   2.5999999999999979        3.8971705999961598E-019   3.7702976918457010E-019
   2.3999999999999986        3.6670110961739162E-019   3.5464025918023702E-019
   2.1999999999999993        3.3662357596916710E-019   3.2532316063412912E-019
   2.0000000000000000        3.0045438223893895E-019   2.9000620158529333E-019
   1.7999999999999972        2.5962112256816022E-019   2.5010064914394832E-019
   1.5999999999999979        2.1594798312399448E-019   2.0740711873084392E-019
   1.3999999999999986        1.7155463634153027E-019   1.6402023762845188E-019
   1.1999999999999993        1.2867816595324479E-019   1.2215365204234298E-019
   1.0000000000000000        8.9479342712808371E-020   8.3945586301592308E-020
  0.79999999999999716        5.5802829403434153E-020   5.1216805695080670E-020
  0.59999999999999787        2.8954574473049120E-020   2.5249546164496304E-020
  0.39999999999999858        9.5214634577338376E-021   6.6096595513065043E-021
  0.19999999999999929        0.0000000000000000        0.0000000000000000     
   0.0000000000000000        0.0000000000000000        0.0000000000000000     
   29.800000000000001        3.7717156441701361E-029   3.7717156441701361E-029
   29.600000000000001        4.7213176327838960E-029   4.7213176327838960E-029
   29.399999999999999        5.9037453942769613E-029   5.9037453942769613E-029
   29.199999999999999        7.3745210442233843E-029   7.3745210442233843E-029
   29.000000000000000        9.2020274207860404E-029   9.2020274207860404E-029
   28.800000000000001        1.1470399039140882E-028   1.1470399039140882E-028
   28.600000000000001        1.4283041429103906E-028   1.4283041429103906E-028
   28.399999999999999        1.7766971155354556E-028   1.7766971155354556E-028
   28.199999999999999        2.2077650885105740E-028   2.2077650885105740E-028
   28.000000000000000        2.7406213231550758E-028   2.7406213231550758E-028
   27.800000000000001        3.3985913992345153E-028   3.3985913992345153E-028
   27.600000000000001        4.2102314778362750E-028   4.2102314778362750E-028
   27.399999999999999        5.2269489757139944E-028   5.2269489757139944E-028
   27.199999999999999        6.4254513430704670E-028   6.4254513430704670E-028
   27.000000000000000        7.9559512994755687E-028   7.9559512994755687E-028
   26.800000000000001        9.8163614732822693E-028   9.8163614732822693E-028
   26.600000000000001        1.2099797254884918E-027   1.2099797254884918E-027
   26.399999999999999        1.8486751424072329E-027   1.4899695348717265E-027
   26.199999999999999        3.3526205269097784E-027   1.8329522090644505E-027
   26.000000000000000        4.8447439191250145E-027   2.2526940463147501E-027
   25.800000000000001        6.3296427061559492E-027   2.7658813712361426E-027
   25.600000000000001        7.8520733767664822E-027   3.3927210654192532E-027
   25.399999999999999        9.5142533473812328E-027   4.1576618176698212E-027
   25.199999999999999        1.1463497628088096E-026   5.0902591864316027E-027
   25.000000000000000        1.3852416958499792E-026   6.2262110855985427E-027
   24.800000000000001        1.6807404139476622E-026   7.6085962665232934E-027
   24.600000000000001        2.0431708430121553E-026   9.2893567445732229E-027
   24.399999999999999        2.4833317808466081E-026   1.1331070703695073E-026
   24.199999999999999        3.0150735189897373E-026   1.3809067523009721E-026
   24.000000000000000        3.6563196511398358E-026   1.6813950038376487E-026
   23.800000000000001        4.4291339467545704E-026   2.0454607691173078E-026
   23.600000000000001        5.3598158539455538E-026   2.4861810580005561E-026
   23.399999999999999        6.4794060016102019E-026   3.0192485504993776E-026
   23.199999999999999        7.8245426002169046E-026   3.6634806056158280E-026
   23.000000000000000        9.4385466771244322E-026   4.4414262591282598E-026
   22.800000000000001        1.1372680230891345E-025   5.3800876429578711E-026
   22.600000000000001        1.3687585715955893E-025   6.5117763096041368E-026
   22.399999999999999        1.6454948871606515E-025   7.8751323187844983E-026
   22.199999999999999        1.9759434586793242E-025   9.5163358347157600E-026
   22.000000000000000        2.3700943529093815E-025   1.1490542964978561E-025
   21.799999999999997        2.8397237244300907E-025   1.3863590959714250E-025
   21.600000000000001        3.3987007390167470E-025   1.6714026040576736E-025
   21.399999999999999        4.0633464192148855E-025   2.0135505754404413E-025
   21.199999999999999        4.8528526975165220E-025   2.4239644317555493E-025
   21.000000000000000        5.7897706562347263E-025   2.9159394274684375E-025
   20.799999999999997        6.9005775115764207E-025   3.5053051699247544E-025
   20.600000000000001        8.2163368285682568E-025   4.2108992755692359E-025
   20.399999999999999        9.7734728448290274E-025   5.0551332941222772E-025
   20.199999999999999        1.1614658231227340E-024   6.0646446735315689E-025
   20.000000000000000        1.3789871193241056E-024   7.2711094271365552E-025
   19.799999999999997        1.6357607503097472E-024   8.7121578710173247E-025
   19.600000000000001        1.9386306934581839E-024   1.0432491698381726E-024
   19.399999999999999        2.2937941869974959E-024   1.2485192489993054E-024
   19.199999999999999        2.7160302765745522E-024   1.4933277709219994E-024
   19.000000000000000        3.2108521906512916E-024   1.7851541438435088E-024
   18.799999999999997        3.7928416158751517E-024   2.1328734895728464E-024
   18.600000000000001        4.4769203571298199E-024   2.5470156215150706E-024
   18.399999999999999        5.2805124582926719E-024   3.0400708089527995E-024
   18.199999999999999        6.2239661966015986E-024   3.6268535172224987E-024
   18.000000000000000        7.3310457762851586E-024   4.3249331922357172E-024
   17.799999999999997        8.6295067905025228E-024   5.1551433890581658E-024
   17.600000000000001        1.0151766974511069E-023   6.1421868871709932E-024
   17.399999999999999        1.1935695872262668E-023   7.3153546671369080E-024
   17.199999999999999        1.4025545044294773E-023   8.7093786971453677E-024
   17.000000000000000        1.6473040691197895E-023   1.0365444652317618E-023
   16.799999999999997        1.9338664346122462E-023   1.2332390808313645E-023
   16.600000000000001        2.2693170070492430E-023   1.4668138161809232E-023
   16.399999999999999        2.6619361808826590E-023   1.7441379961139959E-023
   16.199999999999999        3.1214178024296860E-023   2.0733597097557685E-023
   16.000000000000000        3.6591166222236757E-023   2.4641457492514179E-023
   15.799999999999999        4.2883433720303792E-023   2.9279668553642145E-023
   15.600000000000000        5.0247137026929626E-023   3.4784375879616337E-023
   15.399999999999999        5.8865614276068551E-023   4.1317189905079985E-023
   15.199999999999999        6.8954258772262759E-023   4.9069969549575424E-023
   15.000000000000000        8.0766294456634032E-023   5.8270578526741156E-023
   14.799999999999999        9.4599635377278049E-023   6.9189696714583262E-023
   14.600000000000000        1.1080505211065713E-022   8.2148962399838094E-023
   14.399999999999999        1.2979586427436376E-022   9.7530682942413133E-023
   14.199999999999999        1.5205953105992172E-022   1.1578943936513342E-022
   14.000000000000000        1.7817148500747841E-022   1.3746591144332670E-022
   13.800000000000001        2.0881152436902570E-022   1.6320339108236968E-022
   13.599999999999998        2.4478344623126521E-022   1.9376748238850348E-022
   13.399999999999999        2.8703854610930263E-022   2.3006974890468483E-022
   13.199999999999999        3.3670343185686135E-022   2.7319578704752005E-022
   13.000000000000000        3.9509822049776514E-022   3.2443874007779268E-022
   12.800000000000001        4.6384592307706275E-022   3.8533968242736954E-022
   12.599999999999998        5.4479596186540181E-022   4.5773594906203114E-022
   12.399999999999999        6.4018254618762087E-022   5.4381837406166621E-022
   12.199999999999999        7.5252465593229226E-022   6.4619913743701897E-022
   12.000000000000000        8.8461222683887731E-022   7.6799358315805420E-022
   11.800000000000001        1.0421395352602859E-021   9.1291801871166290E-022
   11.599999999999998        1.2274834068937019E-021   1.0855332542018480E-021
   11.399999999999999        1.4463653727493615E-021   1.2906187825501400E-021
   11.199999999999999        1.7055043329117527E-021   1.5352335105951388E-021
   11.000000000000000        2.0123114420795533E-021   1.8263935382177399E-021
   10.799999999999997        2.3757559312105591E-021   2.1731718879176822E-021
   10.599999999999998        2.8065076935498636E-021   2.5862264129358326E-021
   10.399999999999999        3.3172450858774801E-021   3.0782307609903911E-021
   10.199999999999999        3.9229685385630264E-021   3.6641904250457588E-021
   10.000000000000000        4.6416588338311836E-021   4.3621471192465665E-021
   9.7999999999999972        5.4942823244725278E-021   5.1929607018602536E-021
   9.5999999999999979        6.5057981406776975E-021   6.1817863022439223E-021
   9.3999999999999986        7.7055727173965033E-021   7.3579962206850932E-021
   9.1999999999999993        9.1280841793046917E-021   8.7561228819835262E-021
   9.0000000000000000        1.0813650469799064E-020   1.0416569713394855E-020
   8.7999999999999972        1.2809233534277952E-020   1.2386415135677643E-020
   8.5999999999999979        1.5169257315392459E-020   1.4720205521108999E-020
   8.3999999999999986        1.7956382777008790E-020   1.7480740218800698E-020
   8.1999999999999993        2.1242293289681251E-020   2.0739865060924798E-020
   8.0000000000000000        2.5108305727487071E-020   2.4579078880935864E-020
   7.7999999999999972        2.9645729472211807E-020   2.9089893353430632E-020
   7.5999999999999979        3.4955986048451304E-020   3.4373941087008138E-020
   7.3999999999999986        4.1150210116808774E-020   4.0542645450618246E-020
   7.1999999999999993        4.8348185828754362E-020   4.7716037454064158E-020
   7.0000000000000000        5.6676208399349802E-020   5.6020694295681610E-020
   6.7999999999999972        6.6264443713422477E-020   6.5587147012109548E-020
   6.5999999999999979        7.7242635583212655E-020   7.6545442983469317E-020
   6.3999999999999986        8.9733377676665944E-020   8.9018193854905271E-020
   6.1999999999999993        1.0384515775846181E-019   1.0311462995520824E-019
   6.0000000000000000        1.1966302946612130E-019   1.1892015673275654E-019
   5.7999999999999972        1.3723586439299037E-019   1.3648356775378165E-019
   5.5999999999999979        1.5656409382956416E-019   1.5580581309549333E-019
   5.3999999999999986        1.7783612980443968E-019   1.7682342158672370E-019
   5.1999999999999993        2.0086208733740362E-019   1.9939263498128008E-019
   5.0000000000000000        2.2538023077878749E-019   2.2327423621371800E-019
   4.7999999999999972        2.5106109779671184E-019   2.4811796903004340E-019
   4.5999999999999979        2.7745313286872872E-019   2.7344985248640116E-019
   4.3999999999999986        3.0395483437167968E-019   2.9867090016443510E-019
   4.1999999999999993        3.2981963266544907E-019   3.2304610711008629E-019
   4.0000000000000000        3.5414322734100981E-019   3.4572930278550046E-019
   3.7999999999999972        3.7591398316488862E-019   3.6576853796936867E-019
   3.5999999999999979        3.9399696455597128E-019   3.8215898596119503E-019
   3.3999999999999986        4.0681674093818716E-019   3.9387216065464410E-019
   3.1999999999999993        4.1333189484680147E-019   3.9994883503601116E-019
   3.0000000000000000        4.1294475811414580E-019   3.9953619999192123E-019
   2.7999999999999972        4.0515944728913664E-019   3.9201022996373436E-019
   2.5999999999999979        3.8971705999961598E-019   3.7702976918457010E-019
   2.3999999999999986        3.6670110961739162E-019   3.5464025918023702E-019
   2.1999999999999993        3.3662357596916710E-019   3.2532316063412912E-019
   2.0000000000000000        3.0045438223893895E-019   2.9000620158529333E-019
   1.7999999999999972        2.5962112256816022E-019   2.5010064914394832E-019
   1.5999999999999979        2.1594798312399448E-019   2.0740711873084392E-019
   1.3999999999999986        1.7155463634153027E-019   1.6402023762845188E-019
   1.1999999999999993        1.2867816595324479E-019   1.2215365204234298E-019
   1.0000000000000000        8.9479342712808371E-020   8.3945586301592308E-020
  0.79999999999999716        5.5802829403434153E-020   5.1216805695080670E-020
  0.59999999999999787        2.8954574473049120E-020   2.5249546164496304E-020
  0.39999999999999858        9.5214634577338376E-021   6.6096595513065043E-021
  0.19999999999999929        0.0000000000000000        0.0000000000000000     
   0.0000000000000000        0.0000000000000000        0.0000000000000000     
