   29.800000000000001        4.7988381490784146E-029   4.7988381490784146E-029
   29.600000000000001        6.0013212678187858E-029   6.0013212678187858E-029
   29.399999999999999        7.4972166501320788E-029   7.4972166501320788E-029
   29.199999999999999        9.3561542699159944E-029   9.3561542699159944E-029
   29.000000000000000        1.1663815028224516E-028   1.1663815028224516E-028
   28.800000000000001        1.4525519996600325E-028   1.4525519996600325E-028
   28.600000000000001        1.8070657237970180E-028   1.8070657237970180E-028
   28.399999999999999        2.2457615779663134E-028   2.2457615779663134E-028
   28.199999999999999        2.7881153871808715E-028   2.7881153871808715E-028
   28.000000000000000        3.4578989240552601E-028   3.4578989240552601E-028
   27.800000000000001        4.2842190046804836E-028   4.2842190046804836E-028
   27.600000000000001        5.3194537043981437E-028   5.3194537043981437E-028
   27.399999999999999        6.5399773709257640E-028   6.5399773709257640E-028
   27.199999999999999        8.0987747829189651E-028   8.0987747829189651E-028
   27.000000000000000        9.9938569833828863E-028   9.9938569833828863E-028
   26.800000000000001        1.2320174601276674E-027   1.2320174601276674E-027
   26.600000000000001        1.8366205044754361E-027   1.5173059339021244E-027
   26.399999999999999        3.3771733619878577E-027   1.8668298758413331E-027
   26.199999999999999        4.9011636764019344E-027   2.2946396756284142E-027
   26.000000000000000        6.4133569898084765E-027   2.8177690543635489E-027
   25.800000000000001        7.9596885133186989E-027   3.4568493388955382E-027
   25.600000000000001        9.6455696510952074E-027   4.2368473830495403E-027
   25.399999999999999        1.1623140154195590E-026   5.1879508287642470E-027
   25.199999999999999        1.4049431873839960E-026   6.3466280240008469E-027
   25.000000000000000        1.7053141302082274E-026   7.7568960360874834E-027
   24.800000000000001        2.0738069698082025E-026   9.4718387936516018E-027
   24.600000000000001        2.5212865709616296E-026   1.1555423154698477E-026
   24.399999999999999        3.0618172791786535E-026   1.4084665991657567E-026
   24.199999999999999        3.7136872379140653E-026   1.7152219217222777E-026
   24.000000000000000        4.4994217679840698E-026   2.0869458707615964E-026
   23.800000000000001        5.4458517436395364E-026   2.5370169724219419E-026
   23.600000000000001        6.5846294572394747E-026   3.0814932907246504E-026
   23.399999999999999        7.9531126114070677E-026   3.7396346719041984E-026
   23.199999999999999        9.5954816875679821E-026   4.5345256973376226E-026
   23.000000000000000        1.1564030857620283E-025   5.4938162859906049E-026
   22.800000000000001        1.3920643566371139E-025   6.6506010591759993E-026
   22.600000000000001        1.6738494202746647E-025   8.0444661559019767E-026
   22.399999999999999        2.0104031758018725E-025   9.7227341770717449E-026
   22.199999999999999        2.4119292838883895E-025   1.1741940027746650E-025
   22.000000000000000        2.8904595942880118E-025   1.4169584183284644E-025
   21.799999999999997        3.4601690050444352E-025   1.7086218337562951E-025
   21.600000000000001        4.1377434775495107E-025   2.0587917107522312E-025
   21.399999999999999        4.9428105077330462E-025   2.4789206543970849E-025
   21.199999999999999        5.8984410613401825E-025   2.9826545792295495E-025
   29.800000000000001        4.7988381490784146E-029   4.7988381490784146E-029
   29.600000000000001        6.0013212678187858E-029   6.0013212678187858E-029
   29.399999999999999        7.4972166501320788E-029   7.4972166501320788E-029
   29.199999999999999        9.3561542699159944E-029   9.3561542699159944E-029
   29.000000000000000        1.1663815028224516E-028   1.1663815028224516E-028
   28.800000000000001        1.4525519996600325E-028   1.4525519996600325E-028
   28.600000000000001        1.8070657237970180E-028   1.8070657237970180E-028
   28.399999999999999        2.2457615779663134E-028   2.2457615779663134E-028
   28.199999999999999        2.7881153871808715E-028   2.7881153871808715E-028
   28.000000000000000        3.4578989240552601E-028   3.4578989240552601E-028
   27.800000000000001        4.2842190046804836E-028   4.2842190046804836E-028
   27.600000000000001        5.3194537043981437E-028   5.3194537043981437E-028
   27.399999999999999        6.5399773709257640E-028   6.5399773709257640E-028
   27.199999999999999        8.0987747829189651E-028   8.0987747829189651E-028
   27.000000000000000        9.9938569833828863E-028   9.9938569833828863E-028
   26.800000000000001        1.2320174601276674E-027   1.2320174601276674E-027
   26.600000000000001        1.8366205044754361E-027   1.5173059339021244E-027
   26.399999999999999        3.3771733619878577E-027   1.8668298758413331E-027
   26.199999999999999        4.9011636764019344E-027   2.2946396756284142E-027
   26.000000000000000        6.4133569898084765E-027   2.8177690543635489E-027
   25.800000000000001        7.9596885133186989E-027   3.4568493388955382E-027
   25.600000000000001        9.6455696510952074E-027   4.2368473830495403E-027
   25.399999999999999        1.1623140154195590E-026   5.1879508287642470E-027
   25.199999999999999        1.4049431873839960E-026   6.3466280240008469E-027
   25.000000000000000        1.7053141302082274E-026   7.7568960360874834E-027
   24.800000000000001        2.0738069698082025E-026   9.4718387936516018E-027
   24.600000000000001        2.5212865709616296E-026   1.1555423154698477E-026
   24.399999999999999        3.0618172791786535E-026   1.4084665991657567E-026
   24.199999999999999        3.7136872379140653E-026   1.7152219217222777E-026
   24.000000000000000        4.4994217679840698E-026   2.0869458707615964E-026
   23.800000000000001        5.4458517436395364E-026   2.5370169724219419E-026
   23.600000000000001        6.5846294572394747E-026   3.0814932907246504E-026
   23.399999999999999        7.9531126114070677E-026   3.7396346719041984E-026
   23.199999999999999        9.5954816875679821E-026   4.5345256973376226E-026
   23.000000000000000        1.1564030857620283E-025   5.4938162859906049E-026
   22.800000000000001        1.3920643566371139E-025   6.6506010591759993E-026
   22.600000000000001        1.6738494202746647E-025   8.0444661559019767E-026
   22.399999999999999        2.0104031758018725E-025   9.7227341770717449E-026
   22.199999999999999        2.4119292838883895E-025   1.1741940027746650E-025
   22.000000000000000        2.8904595942880118E-025   1.4169584183284644E-025
   21.799999999999997        3.4601690050444352E-025   1.7086218337562951E-025
   21.600000000000001        4.1377434775495107E-025   2.0587917107522312E-025
   21.399999999999999        4.9428105077330462E-025   2.4789206543970849E-025
   21.199999999999999        5.8984410613401825E-025   2.9826545792295495E-025
