# redshift T_b[mK]
2.500000000000000000e+01 -2.011764400681498088e+00
2.498098098098098063e+01 -8.357215976140334845e+00
2.496196196196196126e+01 -4.934831415097296059e-01
2.494294294294294190e+01 8.263997821680597156e+00
2.492392392392392253e+01 -9.303887033050335376e+00
2.490490490490490316e+01 -9.299922919813194966e+00
2.488588588588588735e+01 8.837249599129911815e+00
2.486686686686686798e+01 7.229939198008432655e-01
2.484784784784784861e+01 -1.164269814073225184e+01
2.482882882882882924e+01 -1.519102607293758567e+00
2.480980980980980988e+01 -1.157578445838264081e+01
2.479079079079079051e+01 -1.159595231228751189e+01
2.477177177177177114e+01 -4.516234103209606943e+00
2.475275275275275177e+01 -2.606601203429629976e+01
2.473373373373373241e+01 -2.417990301507458994e+01
2.471471471471471304e+01 -1.255126006203062516e+01
2.469569569569569722e+01 -1.705452920362228397e+01
2.467667667667667786e+01 -3.781730173264651551e+00
2.465765765765765849e+01 -1.600260334559824216e+01
2.463863863863863912e+01 -2.104371780496821387e+01
2.461961961961961975e+01 7.737308633031712901e+00
2.460060060060060039e+01 -9.175605170795945398e+00
2.458158158158158102e+01 -6.241409809503113415e+00
2.456256256256256165e+01 -2.116319139299929475e+01
2.454354354354354228e+01 -1.235874624858117343e+01
2.452452452452452292e+01 -5.805088767276862072e+00
2.450550550550550710e+01 -1.842381796397339500e+01
2.448648648648648773e+01 -3.156674866643202293e+00
2.446746746746746837e+01 -1.291997991877793162e+01
2.444844844844844900e+01 -9.830701658700872869e+00
2.442942942942942963e+01 -1.293116736737580830e+01
2.441041041041041026e+01 1.160811058191240441e+01
2.439139139139139090e+01 -7.050393400712314573e+00
2.437237237237237153e+01 -1.749350749226189095e+01
2.435335335335335216e+01 1.307872671505925233e+00
2.433433433433433279e+01 -1.912741646233383364e+01
2.431531531531531698e+01 -4.831962140531217642e+00
2.429629629629629761e+01 -2.651913581028780342e+01
2.427727727727727824e+01 -2.020635902835973852e+01
2.425825825825825888e+01 -4.958179178370501816e+00
2.423923923923923951e+01 4.553502443107415587e-01
2.422022022022022014e+01 -5.218395995411596822e+00
2.420120120120120077e+01 -8.091561854775136453e+00
2.418218218218218141e+01 -9.949365230272590566e+00
2.416316316316316204e+01 -2.172704934391204645e+01
2.414414414414414267e+01 -1.414400784939809164e+01
2.412512512512512330e+01 -1.155595948901572356e+01
2.410610610610610749e+01 3.617407883295441273e+00
2.408708708708708812e+01 -3.522165286438237786e+00
2.406806806806806875e+01 -2.459352112888137398e+01
2.404904904904904939e+01 -3.727337962860367782e+00
2.403003003003003002e+01 -1.082433287104887398e+01
2.401101101101101065e+01 -1.374834433410257439e+01
2.399199199199199128e+01 -8.682586320916056977e-01
2.397297297297297192e+01 3.318785414112105592e+00
2.395395395395395255e+01 2.315105215231822555e+00
2.393493493493493673e+01 -1.539663811218370171e+01
2.391591591591591737e+01 -1.010367018731763089e+01
2.389689689689689800e+01 -3.706288534066040086e+00
2.387787787787787863e+01 2.728830861427545607e+00
2.385885885885885926e+01 -1.182636575306899474e+01
2.383983983983983990e+01 -8.899548861228199215e+00
2.382082082082082053e+01 -1.811495553233461564e+01
2.380180180180180116e+01 -1.902265772135342559e+01
2.378278278278278179e+01 1.055356880686922239e+00
2.376376376376376243e+01 6.482835262108467056e+00
2.374474474474474306e+01 -7.809665097201627937e+00
2.372572572572572724e+01 2.935409472786098206e+00
2.370670670670670788e+01 -3.494264717032208978e+00
2.368768768768768851e+01 -1.357288431762813374e+01
2.366866866866866914e+01 -3.519177724913650440e+00
2.364964964964964977e+01 8.235429308442705931e+00
2.363063063063063041e+01 -7.515396566917668331e+00
2.361161161161161104e+01 8.476733984615853146e+00
2.359259259259259167e+01 -3.338012834163806986e+01
2.357357357357357230e+01 1.022990595601524610e+00
2.355455455455455294e+01 -6.339335066799977270e+00
2.353553553553553712e+01 -1.021404828805510334e+01
2.351651651651651775e+01 -6.320953263591356119e+00
2.349749749749749839e+01 -2.712925210894006156e+01
2.347847847847847902e+01 -9.465716498210500873e+00
2.345945945945945965e+01 -3.713730204339405816e+00
2.344044044044044028e+01 7.477777850260377335e+00
2.342142142142142092e+01 -1.250060938120760845e+01
2.340240240240240155e+01 -1.542004968783527907e+01
2.338338338338338218e+01 -1.237035670975971513e+01
2.336436436436436281e+01 1.783115886730550770e+00
2.334534534534534345e+01 -4.102002035243887512e+00
2.332632632632632763e+01 -1.270617498133240098e+01
2.330730730730730826e+01 -2.295478985664852978e+00
2.328828828828828890e+01 -6.477417196195633053e+00
2.326926926926926953e+01 2.217695200228033237e+00
2.325025025025025016e+01 -1.451034694138107284e+01
2.323123123123123079e+01 -1.078802375861892493e+01
2.321221221221221143e+01 -1.145458683805879296e+01
2.319319319319319206e+01 -2.219129881998384235e+01
2.317417417417417269e+01 -4.618129364093583433e+00
2.315515515515515688e+01 -4.992500065344065874e+00
2.313613613613613751e+01 -7.576199604128992959e+00
2.311711711711711814e+01 -9.998043299969250342e+00
2.309809809809809877e+01 -2.183128940664882478e+01
2.307907907907907941e+01 -1.191002017574512273e+01
2.306006006006006004e+01 -1.115729026719800032e+01
2.304104104104104067e+01 -1.578008444477205785e+01
2.302202202202202130e+01 -9.397953604652371951e+00
2.300300300300300194e+01 -3.772970801642292926e+00
2.298398398398398257e+01 1.101935476307391326e+01
2.296496496496496320e+01 -6.126359911972247829e+00
2.294594594594594383e+01 -5.326928705334927905e+00
2.292692692692692802e+01 -8.677812353403439261e+00
2.290790790790790865e+01 -2.715265270220293914e+01
2.288888888888888928e+01 -8.262336052893132887e+00
2.286986986986986992e+01 -7.427824031387917358e+00
2.285085085085085055e+01 1.656867154530482011e+01
2.283183183183183118e+01 -1.002166951039187914e+01
2.281281281281281181e+01 -5.117618819482333770e+00
2.279379379379379245e+01 -8.515945319805314995e+00
2.277477477477477308e+01 -1.989208721270260583e+01
2.275575575575575726e+01 3.185719710710442243e+00
2.273673673673673790e+01 -7.611303076281892288e-01
2.271771771771771853e+01 -4.088437374906082056e-01
2.269869869869869916e+01 -1.745251737016552340e+01
2.267967967967967979e+01 5.629057156142721396e+00
2.266066066066066043e+01 -2.245844315271212821e+01
2.264164164164164106e+01 -2.613196756380949282e+00
2.262262262262262169e+01 1.338012777617086968e+01
2.260360360360360232e+01 -1.847327106746539016e+01
2.258458458458458296e+01 -1.427520118785706238e+01
2.256556556556556359e+01 -7.660862138150204004e+00
2.254654654654654777e+01 -1.373810980151695560e+01
2.252752752752752841e+01 -2.425684901170773600e+01
2.250850850850850904e+01 -8.112279211149592939e+00
2.248948948948948967e+01 -1.946954382327324851e+01
2.247047047047047030e+01 -4.160056445279675330e+00
2.245145145145145094e+01 -1.814061512300290957e+01
2.243243243243243157e+01 6.501673984331889145e+00
2.241341341341341220e+01 -1.688244248411021076e+01
2.239439439439439283e+01 -1.232370494353469681e+01
2.237537537537537702e+01 -1.022073027715102000e+00
2.235635635635635765e+01 -2.152103393932181774e+01
2.233733733733733828e+01 -6.993944138765840535e+00
2.231831831831831892e+01 3.745721253460457589e+00
2.229929929929929955e+01 -2.545873967209642430e+01
2.228028028028028018e+01 -7.596815024488644319e+00
2.226126126126126081e+01 -6.904633111599376427e+00
2.224224224224224145e+01 -1.746628422181840001e+00
2.222322322322322208e+01 -2.199683443013523032e+01
2.220420420420420271e+01 -2.289549222019981300e+01
2.218518518518518334e+01 -4.536144190700351686e+00
2.216616616616616398e+01 -6.851337370264537263e+00
2.214714714714714816e+01 -7.382993230240304072e+00
2.212812812812812879e+01 -6.491350085995122754e+00
2.210910910910910943e+01 -1.682515239371157989e+01
2.209009009009009006e+01 -7.772602344827345355e+00
2.207107107107107069e+01 -7.235822856832905714e+00
2.205205205205205132e+01 -1.738268684905155936e+01
2.203303303303303196e+01 8.344712539459195000e+00
2.201401401401401259e+01 -5.649815055859912505e+00
2.199499499499499322e+01 -2.237755989303018112e+01
2.197597597597597741e+01 -3.976650796452516623e+00
2.195695695695695804e+01 -2.036795449136414859e+01
2.193793793793793867e+01 -2.830549207631200659e+00
2.191891891891891930e+01 8.029798057902297614e-01
2.189989989989989994e+01 -1.907272079585694158e+01
2.188088088088088057e+01 -1.316415681376710722e+00
2.186186186186186120e+01 -6.908024059204914025e+00
2.184284284284284183e+01 -2.902282610835342780e+00
2.182382382382382247e+01 7.756581353592492789e+00
2.180480480480480310e+01 -1.375512474407652519e+01
2.178578578578578373e+01 -1.892995290684166321e+01
2.176676676676676792e+01 -2.038053968418879336e+01
2.174774774774774855e+01 -1.973777338001923098e+01
2.172872872872872918e+01 -1.244645481542362475e+01
2.170970970970970981e+01 -8.361193276377616002e+00
2.169069069069069045e+01 -9.104609429959344524e+00
2.167167167167167108e+01 -3.700036377845702162e+00
2.165265265265265171e+01 -1.194377093619810104e+01
2.163363363363363234e+01 2.358043050207538016e+00
2.161461461461461298e+01 -1.492898233224970994e+01
2.159559559559559716e+01 1.481253171952669057e+01
2.157657657657657779e+01 -6.240875407236873507e+00
2.155755755755755843e+01 -2.117916429991293370e+01
2.153853853853853906e+01 -2.342822411335990296e+01
2.151951951951951969e+01 -8.007976704800007894e+00
2.150050050050050032e+01 -1.518244178733005612e+01
2.148148148148148096e+01 -5.924653696873682485e+00
2.146246246246246159e+01 -8.450881277157455074e+00
2.144344344344344222e+01 -1.403192005855503410e+01
2.142442442442442285e+01 -2.189373801867008495e+01
2.140540540540540349e+01 -2.869826095258731158e+01
2.138638638638638412e+01 -1.814076549139994299e+01
2.136736736736736830e+01 -5.239300888332989459e+00
2.134834834834834894e+01 -1.179188479582637150e+01
2.132932932932932957e+01 -2.652162601107866990e+01
2.131031031031031020e+01 -1.246574660045702920e+01
2.129129129129129083e+01 -1.047962733659355550e+01
2.127227227227227146e+01 -2.330856717803807854e+01
2.125325325325325210e+01 -1.307190490375216285e+01
2.123423423423423273e+01 -1.416822607881929841e+01
2.121521521521521336e+01 -2.632318847519782068e+01
2.119619619619619755e+01 -1.146082429338145658e+01
2.117717717717717818e+01 -9.578118428836521758e+00
2.115815815815815881e+01 -4.504777101381964854e+00
2.113913913913913944e+01 -4.948675978856041269e+00
2.112012012012012008e+01 -2.941690102657984340e+01
2.110110110110110071e+01 -2.517409414095988041e+01
2.108208208208208134e+01 -1.080327782213361942e+01
2.106306306306306197e+01 -1.097573021477715827e+01
2.104404404404404261e+01 -1.112526853092446544e+01
2.102502502502502324e+01 2.208719640793818684e+01
2.100600600600600387e+01 -1.089783021249862927e+01
2.098698698698698450e+01 -5.419963003063150708e+00
2.096796796796796869e+01 -7.406749792294544221e+00
2.094894894894894932e+01 -1.060628793331278708e+01
2.092992992992992995e+01 -2.044862824507753274e+01
2.091091091091091059e+01 -9.884308701995752955e+00
2.089189189189189122e+01 -2.538266783413551764e+01
2.087287287287287185e+01 -2.020539434998124761e+01
2.085385385385385248e+01 -2.287603298384024342e+01
2.083483483483483667e+01 -1.739126795463575448e+01
2.081581581581581730e+01 4.746519343752069631e+00
2.079679679679679793e+01 -3.726524486086930921e+01
2.077777777777777857e+01 -1.192499959131425058e+01
2.075875875875875920e+01 -3.511225043065248741e+01
2.073973973973973983e+01 -2.390440484992106107e+01
2.072072072072072046e+01 -8.498101302407139457e+00
2.070170170170170110e+01 -1.894987666286177586e+01
2.068268268268268173e+01 -3.057776788452977712e+01
2.066366366366366236e+01 -2.716359494239932815e+01
2.064464464464464299e+01 -1.342743693164348073e+01
2.062562562562562363e+01 -2.774257833068176637e+01
2.060660660660660426e+01 -1.849248333796787946e+01
2.058758758758758844e+01 -2.042219784948782291e+01
2.056856856856856908e+01 -2.761744218990582667e+01
2.054954954954954971e+01 1.117877447666160151e-01
2.053053053053053034e+01 -1.521738412302597965e+01
2.051151151151151097e+01 -4.203965940491853814e+01
2.049249249249249161e+01 -2.015810172515248766e+01
2.047347347347347224e+01 -2.887769925584307984e+01
2.045445445445445287e+01 -1.397549073607609493e+01
2.043543543543543706e+01 -3.066783895634616997e+01
2.041641641641641769e+01 -2.413564416018294878e+01
2.039739739739739832e+01 -1.818691546051563179e+01
2.037837837837837895e+01 -1.483061334162850997e+01
2.035935935935935959e+01 -3.574536351051879990e+01
2.034034034034034022e+01 -2.734452295061697313e+01
2.032132132132132085e+01 -2.900896994123417727e+01
2.030230230230230148e+01 -3.105573192955942474e+01
2.028328328328328212e+01 -7.133754488568872176e+00
2.026426426426426275e+01 -2.100729163147121881e+01
2.024524524524524338e+01 -3.793772865638139535e+01
2.022622622622622401e+01 -1.642504270506093889e+01
2.020720720720720465e+01 -4.659879926275646511e+00
2.018818818818818883e+01 -1.583759052331735084e+01
2.016916916916916946e+01 -4.163974772148264947e+01
2.015015015015015010e+01 -3.157520222941157684e+01
2.013113113113113073e+01 -1.435357894802026912e+01
2.011211211211211136e+01 -3.439225646715095763e+01
2.009309309309309199e+01 -2.317329856113883224e+01
2.007407407407407263e+01 -2.016415057686262458e+01
2.005505505505505681e+01 -3.748188029395345211e+01
2.003603603603603744e+01 -2.911301209289536729e+01
2.001701701701701808e+01 -6.123872752919065476e+01
1.999799799799799871e+01 -3.938135153087414864e+01
1.997897897897897934e+01 -3.197769537105221715e+01
1.995995995995995997e+01 -4.224747857577214916e+01
1.994094094094094061e+01 -1.376627280732216718e+01
1.992192192192192124e+01 -4.471565404971961755e+01
1.990290290290290187e+01 -3.514166887261298911e+01
1.988388388388388250e+01 -2.976393720167096291e+01
1.986486486486486314e+01 -1.699187735966272328e+01
1.984584584584584377e+01 -4.609965464180804418e+01
1.982682682682682440e+01 -2.044897552202944624e+01
1.980780780780780859e+01 -3.232103772624975591e+01
1.978878878878878922e+01 -4.258438015707154278e+01
1.976976976976976985e+01 -2.849731683952176553e+01
1.975075075075075048e+01 -3.147992801914849537e+01
1.973173173173173112e+01 -3.982800567131965863e+01
1.971271271271271175e+01 -3.348625710798879140e+01
1.969369369369369238e+01 -3.839899556805541181e+01
1.967467467467467301e+01 -3.377538810036521255e+01
1.965565565565565720e+01 -2.865693030275099318e+01
1.963663663663663783e+01 -1.978887129799642963e+01
1.961761761761761846e+01 -4.840111501941949967e+01
1.959859859859859910e+01 -1.506966154149002790e+01
1.957957957957957973e+01 -5.630098252931928471e+01
1.956056056056056036e+01 -3.868109308924488232e+01
1.954154154154154099e+01 -3.166622496275549281e+01
1.952252252252252163e+01 -3.512864185809144857e+01
1.950350350350350226e+01 -4.455771507878345972e+01
1.948448448448448289e+01 -4.080708576387800690e+01
1.946546546546546352e+01 -4.405397767238804363e+01
1.944644644644644416e+01 -4.541867815747166048e+01
1.942742742742742479e+01 -3.143300463662105670e+01
1.940840840840840897e+01 -3.676577707748707979e+01
1.938938938938938961e+01 -4.767482418078038364e+01
1.937037037037037024e+01 -3.216233394143468161e+01
1.935135135135135087e+01 -3.850070805500262594e+01
1.933233233233233150e+01 -3.386321151911592864e+01
1.931331331331331214e+01 -3.611641059472810156e+01
1.929429429429429277e+01 -5.112621570969909612e+01
1.927527527527527695e+01 -4.886432242181484042e+01
1.925625625625625759e+01 -3.621847037139433212e+01
1.923723723723723822e+01 -3.801921812898122965e+01
1.921821821821821885e+01 -4.476603764266882024e+01
1.919919919919919948e+01 -4.382040171951638285e+01
1.918018018018018012e+01 -3.265615256199878758e+01
1.916116116116116075e+01 -5.179004564249902387e+01
1.914214214214214138e+01 -4.084725209214690267e+01
1.912312312312312201e+01 -4.878637753231667773e+01
1.910410410410410265e+01 -4.938977242679366952e+01
1.908508508508508328e+01 -3.667595210610564749e+01
1.906606606606606391e+01 -3.986252250572061939e+01
1.904704704704704454e+01 -4.043670588804342003e+01
1.902802802802802873e+01 -3.597425222876471196e+01
1.900900900900900936e+01 -4.927829732853079037e+01
1.898998998998998999e+01 -4.313010731596299507e+01
1.897097097097097063e+01 -5.351547097162590205e+01
1.895195195195195126e+01 -4.763614519668446690e+01
1.893293293293293189e+01 -5.264601048525452143e+01
1.891391391391391252e+01 -5.084311542652962856e+01
1.889489489489489316e+01 -4.633166689178988662e+01
1.887587587587587734e+01 -6.093721154169213605e+01
1.885685685685685797e+01 -3.230444890506643674e+01
1.883783783783783861e+01 -6.376329707955824233e+01
1.881881881881881924e+01 -6.632123818338017429e+01
1.879979979979979987e+01 -4.307582867826160111e+01
1.878078078078078050e+01 -4.721912348980225715e+01
1.876176176176176114e+01 -4.937450087520442565e+01
1.874274274274274177e+01 -4.981316766334955304e+01
1.872372372372372240e+01 -5.670058988979566550e+01
1.870470470470470303e+01 -6.603315435078077655e+01
1.868568568568568367e+01 -5.678594901413872265e+01
1.866666666666666430e+01 -6.479982580826842309e+01
1.864764764764764493e+01 -4.876195731355564078e+01
1.862862862862862912e+01 -6.046931836025784435e+01
1.860960960960960975e+01 -6.773986157920786866e+01
1.859059059059059038e+01 -6.318533631475550294e+01
1.857157157157157101e+01 -5.632900245524910332e+01
1.855255255255255165e+01 -6.658258872623369484e+01
1.853353353353353228e+01 -6.965466818028076545e+01
1.851451451451451291e+01 -5.948269773206347821e+01
1.849549549549549710e+01 -5.995690484888189076e+01
1.847647647647647773e+01 -6.796279333585270876e+01
1.845745745745745836e+01 -6.809022833324291923e+01
1.843843843843843899e+01 -6.154541444278246587e+01
1.841941941941941963e+01 -7.883230684789792519e+01
1.840040040040040026e+01 -7.891101897455575909e+01
1.838138138138138089e+01 -7.250490706496783844e+01
1.836236236236236152e+01 -6.793806967193033586e+01
1.834334334334334216e+01 -6.317660348510459301e+01
1.832432432432432279e+01 -5.201302464994024888e+01
1.830530530530530342e+01 -5.866962566522893496e+01
1.828628628628628405e+01 -6.932384986860799359e+01
1.826726726726726469e+01 -6.839134983660676426e+01
1.824824824824824887e+01 -7.870158994869646563e+01
1.822922922922922950e+01 -6.933478108386987060e+01
1.821021021021021014e+01 -7.250773226489556578e+01
1.819119119119119077e+01 -6.686341578239932915e+01
1.817217217217217140e+01 -7.883014165913834859e+01
1.815315315315315203e+01 -6.582925859379963640e+01
1.813413413413413267e+01 -5.615778190353124444e+01
1.811511511511511330e+01 -7.303265190462924750e+01
1.809609609609609748e+01 -6.838511941765997904e+01
1.807707707707707812e+01 -6.595516928988732275e+01
1.805805805805805875e+01 -7.732024494931897607e+01
1.803903903903903938e+01 -7.151548560734906346e+01
1.802002002002002001e+01 -7.407567025591166043e+01
1.800100100100100065e+01 -7.366669540765060731e+01
1.798198198198198128e+01 -8.281183482766653015e+01
1.796296296296296191e+01 -7.527123816434111347e+01
1.794394394394394254e+01 -7.096716695691422672e+01
1.792492492492492318e+01 -6.186260790909332741e+01
1.790590590590590381e+01 -6.720417477338965284e+01
1.788688688688688444e+01 -5.568374314721675944e+01
1.786786786786786507e+01 -8.530343204549866698e+01
1.784884884884884926e+01 -6.931672282932466089e+01
1.782982982982982989e+01 -7.661193475810007669e+01
1.781081081081081052e+01 -5.694785133719916814e+01
1.779179179179179116e+01 -8.732371372086615224e+01
1.777277277277277179e+01 -8.802785445840150658e+01
1.775375375375375242e+01 -8.600944452150635300e+01
1.773473473473473305e+01 -1.016341770518452705e+02
1.771571571571571724e+01 -8.602715849399798742e+01
1.769669669669669787e+01 -8.872986085932650724e+01
1.767767767767767850e+01 -7.999792311766583452e+01
1.765865865865865914e+01 -7.844188037621640319e+01
1.763963963963963977e+01 -6.344942467589720536e+01
1.762062062062062040e+01 -7.305255303750259088e+01
1.760160160160160103e+01 -8.866532467639308379e+01
1.758258258258258167e+01 -9.221341501902696791e+01
1.756356356356356230e+01 -7.863649581337575967e+01
1.754454454454454293e+01 -9.707774425761404302e+01
1.752552552552552356e+01 -6.587373991243751448e+01
1.750650650650650419e+01 -7.269989227416884603e+01
1.748748748748748483e+01 -8.948492587008722410e+01
1.746846846846846901e+01 -1.022161933378597212e+02
1.744944944944944965e+01 -7.183045524622589539e+01
1.743043043043043028e+01 -8.679145753253494888e+01
1.741141141141141091e+01 -7.353718368865825994e+01
1.739239239239239154e+01 -1.021211336487058929e+02
1.737337337337337217e+01 -9.242406690763002075e+01
1.735435435435435281e+01 -8.662330652914981499e+01
1.733533533533533344e+01 -8.644321820272801915e+01
1.731631631631631763e+01 -9.164270458629110294e+01
1.729729729729729826e+01 -8.113421738955310047e+01
1.727827827827827889e+01 -9.825112410513347072e+01
1.725925925925925952e+01 -8.920235795689133340e+01
1.724024024024024015e+01 -8.677059332013331527e+01
1.722122122122122079e+01 -8.301538894847942629e+01
1.720220220220220142e+01 -8.122102260864912182e+01
1.718318318318318205e+01 -9.975177709700722062e+01
1.716416416416416268e+01 -1.040055409970503320e+02
1.714514514514514332e+01 -7.603748334494090955e+01
1.712612612612612395e+01 -8.563168396928149662e+01
1.710710710710710458e+01 -9.657093784679122450e+01
1.708808808808808521e+01 -7.369638876036444231e+01
1.706906906906906940e+01 -8.816353088221160306e+01
1.705005005005005003e+01 -7.763013098830590764e+01
1.703103103103103066e+01 -8.884116972424367020e+01
1.701201201201201130e+01 -6.899247564254410747e+01
1.699299299299299193e+01 -7.212034534400123675e+01
1.697397397397397256e+01 -9.222718895459752275e+01
1.695495495495495675e+01 -8.007576028268798041e+01
1.693593593593593738e+01 -8.338173640902806483e+01
1.691691691691691801e+01 -7.618327501749011788e+01
1.689789789789789864e+01 -9.954296947908252946e+01
1.687887887887887928e+01 -8.304628978652920068e+01
1.685985985985985991e+01 -7.932283853945770602e+01
1.684084084084084054e+01 -1.074852286892662505e+02
1.682182182182182117e+01 -1.017115857819189841e+02
1.680280280280280181e+01 -1.102428397736230181e+02
1.678378378378378244e+01 -9.250604316435551766e+01
1.676476476476476307e+01 -8.258808054363777273e+01
1.674574574574574370e+01 -7.468155823804765703e+01
1.672672672672672434e+01 -8.889585290931805162e+01
1.670770770770770497e+01 -7.327232075212626228e+01
1.668868868868868560e+01 -1.032711540950056417e+02
1.666966966966966979e+01 -1.064055717011630122e+02
1.665065065065065042e+01 -8.981877515686974789e+01
1.663163163163163105e+01 -8.530410353872098028e+01
1.661261261261261168e+01 -8.934308738677408712e+01
1.659359359359359232e+01 -1.095516887517962914e+02
1.657457457457457650e+01 -8.961916784841427841e+01
1.655555555555555713e+01 -1.016132080312091546e+02
1.653653653653653777e+01 -8.170218988513350666e+01
1.651751751751751840e+01 -8.455320530989853012e+01
1.649849849849849903e+01 -9.742814703755625771e+01
1.647947947947947966e+01 -9.296809488100944918e+01
1.646046046046046030e+01 -9.821158452058415378e+01
1.644144144144144093e+01 -8.802624052460208759e+01
1.642242242242242156e+01 -7.761805515378087250e+01
1.640340340340340219e+01 -9.678683353308611004e+01
1.638438438438438283e+01 -8.163889809516255980e+01
1.636536536536536346e+01 -9.172173671230515879e+01
1.634634634634634409e+01 -9.407782820139082958e+01
1.632732732732732472e+01 -8.693957434020836672e+01
1.630830830830830536e+01 -9.593215073007580429e+01
1.628928928928928599e+01 -9.081705102175503441e+01
1.627027027027027017e+01 -9.695060502974703809e+01
1.625125125125125081e+01 -6.500639246784065506e+01
1.623223223223223144e+01 -8.397344470117461412e+01
1.621321321321321207e+01 -9.098650297240730822e+01
1.619419419419419270e+01 -8.150327884795714795e+01
1.617517517517517689e+01 -8.441068905569957792e+01
1.615615615615615752e+01 -8.513240700951170936e+01
1.613713713713713815e+01 -7.640742816595933107e+01
1.611811811811811879e+01 -7.459160651726199376e+01
1.609909909909909942e+01 -8.708060392549006679e+01
1.608008008008008005e+01 -8.713413201188170376e+01
1.606106106106106068e+01 -8.371839787196918792e+01
1.604204204204204132e+01 -1.035707348045002334e+02
1.602302302302302195e+01 -9.527892004373870805e+01
1.600400400400400258e+01 -6.602573811171539830e+01
1.598498498498498499e+01 -6.280390935307507050e+01
1.596596596596596562e+01 -8.129514743331317561e+01
1.594694694694694626e+01 -7.258277284892280079e+01
1.592792792792792689e+01 -7.477190084325839337e+01
1.590890890890890752e+01 -4.662431938756102312e+01
1.588988988988988993e+01 -6.573891325255731033e+01
1.587087087087087056e+01 -7.772835531762879668e+01
1.585185185185185119e+01 -8.551222998951772070e+01
1.583283283283283183e+01 -9.152224074212966798e+01
1.581381381381381246e+01 -7.291754894827550970e+01
1.579479479479479487e+01 -8.200355609908251608e+01
1.577577577577577550e+01 -8.814375241435121211e+01
1.575675675675675613e+01 -7.986202671327517066e+01
1.573773773773773677e+01 -8.368094589344117651e+01
1.571871871871871740e+01 -5.545747459860908890e+01
1.569969969969969981e+01 -6.296723641515982450e+01
1.568068068068068044e+01 -7.131168638515860891e+01
1.566166166166166107e+01 -5.587611952278520278e+01
1.564264264264264170e+01 -6.934085609042217868e+01
1.562362362362362234e+01 -7.816183054737193459e+01
1.560460460460460297e+01 -5.374777669475853514e+01
1.558558558558558538e+01 -6.301511839367388745e+01
1.556656656656656601e+01 -7.819746972236008276e+01
1.554754754754754664e+01 -6.914505555527436798e+01
1.552852852852852727e+01 -7.541048651571995265e+01
1.550950950950950791e+01 -7.989103709798402519e+01
1.549049049049049032e+01 -5.620620766007004931e+01
1.547147147147147095e+01 -4.577510837751531625e+01
1.545245245245245158e+01 -7.825270020002366778e+01
1.543343343343343221e+01 -5.803167548574310075e+01
1.541441441441441285e+01 -6.955885719954676460e+01
1.539539539539539525e+01 -6.731142922943212170e+01
1.537637637637637589e+01 -6.774830361697803482e+01
1.535735735735735652e+01 -6.984554330346925610e+01
1.533833833833833715e+01 -6.009891068047141971e+01
1.531931931931931778e+01 -6.826947345571076653e+01
1.530030030030030019e+01 -5.662874136035193828e+01
1.528128128128128083e+01 -5.920665683109255895e+01
1.526226226226226146e+01 -6.046249075373790305e+01
1.524324324324324209e+01 -6.651528835965018516e+01
1.522422422422422272e+01 -6.257205347738815249e+01
1.520520520520520513e+01 -4.861329587954703868e+01
1.518618618618618576e+01 -5.051872759962139270e+01
1.516716716716716640e+01 -6.466239946949178830e+01
1.514814814814814703e+01 -5.325105565390152407e+01
1.512912912912912766e+01 -4.608676486895961943e+01
1.511011011011011007e+01 -6.964981385914879297e+01
1.509109109109109070e+01 -4.687628044686987039e+01
1.507207207207207134e+01 -5.828938745256400722e+01
1.505305305305305197e+01 -4.530971577705570752e+01
1.503403403403403260e+01 -5.800026258818959235e+01
1.501501501501501501e+01 -6.776801704447737507e+01
1.499599599599599564e+01 -6.534569010483112095e+01
1.497697697697697627e+01 -4.793976440562391872e+01
1.495795795795795691e+01 -4.517368363562470535e+01
1.493893893893893754e+01 -5.616444920509214001e+01
1.491991991991991995e+01 -4.008594202264421114e+01
1.490090090090090058e+01 -6.243799140489420552e+01
1.488188188188188121e+01 -4.583497996215810844e+01
1.486286286286286185e+01 -5.663633153300813206e+01
1.484384384384384248e+01 -5.039723526833757461e+01
1.482482482482482311e+01 -4.275843539893805456e+01
1.480580580580580552e+01 -5.119106535736203512e+01
1.478678678678678615e+01 -4.578761217296328567e+01
1.476776776776776678e+01 -3.123524914700596611e+01
1.474874874874874742e+01 -4.642452419789147200e+01
1.472972972972972805e+01 -3.165753894873480689e+01
1.471071071071071046e+01 -5.067191445761827140e+01
1.469169169169169109e+01 -3.343883904018418463e+01
1.467267267267267172e+01 -2.368497856770499510e+01
1.465365365365365236e+01 -6.218275162661044675e+01
1.463463463463463299e+01 -4.480286027764441315e+01
1.461561561561561540e+01 -3.043284537167127013e+01
1.459659659659659603e+01 -3.760572240506773056e+01
1.457757757757757666e+01 -3.123724917860269557e+01
1.455855855855855729e+01 -4.036434869654347324e+01
1.453953953953953793e+01 -3.283657418973081832e+01
1.452052052052052034e+01 -3.463738444876812395e+01
1.450150150150150097e+01 -2.078388653723284207e+01
1.448248248248248160e+01 -2.930157827229333023e+01
1.446346346346346223e+01 -2.785685464790492460e+01
1.444444444444444287e+01 -3.474179144209615799e+01
1.442542542542542527e+01 -3.489229925866398219e+01
1.440640640640640591e+01 -3.373814442789537793e+01
1.438738738738738654e+01 -2.486712463256762362e+01
1.436836836836836717e+01 -3.242356188011416407e+01
1.434934934934934780e+01 -2.472125482608524294e+01
1.433033033033033021e+01 -6.273531729151486047e+00
1.431131131131131085e+01 -1.772810806050184951e+01
1.429229229229229148e+01 -2.911472182916117646e+01
1.427327327327327211e+01 -1.326082793797874260e+01
1.425425425425425274e+01 -2.877558101706823379e+01
1.423523523523523515e+01 -4.450134562798103843e+01
1.421621621621621578e+01 -3.362967995654522468e+01
1.419719719719719642e+01 -4.168885237992292048e+01
1.417817817817817705e+01 -2.593126314499772178e+01
1.415915915915915768e+01 -2.167069128575235837e+01
1.414014014014014009e+01 -4.532829877236835614e+00
1.412112112112112072e+01 -1.747386879877985422e+01
1.410210210210210136e+01 -2.238372703545338638e+01
1.408308308308308199e+01 -1.135191353250035817e+01
1.406406406406406262e+01 -4.121426407051922780e+01
1.404504504504504325e+01 -1.620742877612910959e+01
1.402602602602602566e+01 -1.031933186680463166e+01
1.400700700700700629e+01 -3.228202527707085778e+01
1.398798798798798693e+01 -5.530328518113979186e+00
1.396896896896896756e+01 -1.305828665400239252e+01
1.394994994994994819e+01 -2.007537052685148637e+01
1.393093093093093060e+01 -9.077791147125907401e+00
1.391191191191191123e+01 7.814300159423376968e+00
1.389289289289289187e+01 -1.256490150159590158e+01
1.387387387387387250e+01 -1.139622983320541394e+01
1.385485485485485313e+01 -1.797086870660376690e+01
1.383583583583583554e+01 -2.137849523761808967e+01
1.381681681681681617e+01 -4.083467691205044048e+00
1.379779779779779680e+01 -2.045839572075747625e+01
1.377877877877877744e+01 -1.069635517269666103e+01
1.375975975975975807e+01 -1.570709416354652532e+01
1.374074074074074048e+01 -5.663276024372591699e+00
1.372172172172172111e+01 -6.643069598688081889e+00
1.370270270270270174e+01 8.650226649952248437e-01
1.368368368368368237e+01 -1.414530390126520132e+01
1.366466466466466301e+01 -1.128273535058613675e+01
1.364564564564564542e+01 -1.791455635431682936e+01
1.362662662662662605e+01 -1.211687665588054230e+01
1.360760760760760668e+01 -3.452057511820284752e+00
1.358858858858858731e+01 7.897364200162613201e-01
1.356956956956956795e+01 -1.556092173320615046e+01
1.355055055055055035e+01 2.793551095441588750e+00
1.353153153153153099e+01 8.086512063854765842e+00
1.351251251251251162e+01 -9.069929051925971208e-01
1.349349349349349225e+01 1.415102731222896892e+01
1.347447447447447288e+01 -1.193452036166091901e+01
1.345545545545545529e+01 -1.622697633783221960e+01
1.343643643643643593e+01 -2.115552956877056801e+01
1.341741741741741656e+01 1.200012871087729316e+01
1.339839839839839719e+01 3.987281074311107787e+00
1.337937937937937782e+01 -2.712289140720884006e+00
1.336036036036036023e+01 1.039640879838449328e+00
1.334134134134134086e+01 -1.262218364843014662e+01
1.332232232232232150e+01 2.347878683290981883e+01
1.330330330330330213e+01 6.978815087114049742e-01
1.328428428428428276e+01 8.798964803025133286e-01
1.326526526526526517e+01 7.419802800974276025e+00
1.324624624624624580e+01 5.344358474459472319e+00
1.322722722722722644e+01 3.141209301556448175e+00
1.320820820820820707e+01 -6.638268035326101213e+00
1.318918918918918770e+01 6.341267134782037296e+00
1.317017017017016833e+01 2.080295203845623675e+01
1.315115115115115074e+01 1.578909820468398806e+01
1.313213213213213137e+01 1.861505158764624213e+01
1.311311311311311201e+01 -2.084558043332473964e+00
1.309409409409409264e+01 -6.527881288235555246e+00
1.307507507507507327e+01 2.447049192465015732e+00
1.305605605605605568e+01 4.595130505455692571e+00
1.303703703703703631e+01 1.530899901412080766e+01
1.301801801801801695e+01 -1.223209288454927801e+01
1.299899899899899758e+01 2.030980955669386390e+01
1.297997997997997821e+01 3.752084465715872952e+00
1.296096096096096062e+01 1.377530317645342173e+00
1.294194194194194125e+01 -4.164177392100165243e+00
1.292292292292292188e+01 -1.028480020668461847e+01
1.290390390390390252e+01 1.479877443336550513e+01
1.288488488488488315e+01 7.599979087539415978e+00
1.286586586586586556e+01 -5.736623658218215738e+00
1.284684684684684619e+01 -5.495134137955904663e+00
1.282782782782782682e+01 4.386983162025692273e+00
1.280880880880880746e+01 2.472075709312557024e+01
1.278978978978978809e+01 5.716689687130148023e+00
1.277077077077077050e+01 -6.440381438599423802e+00
1.275175175175175113e+01 6.408647568914136450e+00
1.273273273273273176e+01 6.410485121790232554e+00
1.271371371371371239e+01 -1.756286394032683162e+01
1.269469469469469303e+01 9.128000751254971235e+00
1.267567567567567544e+01 7.623243031115091384e+00
1.265665665665665607e+01 1.715300917052778473e+01
1.263763763763763670e+01 2.893560856998549724e+01
1.261861861861861733e+01 2.196357128030728845e+01
1.259959959959959797e+01 8.257693111440506328e+00
1.258058058058058037e+01 1.262276007947704670e-01
1.256156156156156101e+01 3.716681347292494308e+01
1.254254254254254164e+01 1.226397721230768845e+01
1.252352352352352227e+01 1.204653883600487596e+01
1.250450450450450290e+01 1.189834979488463595e+01
1.248548548548548531e+01 1.434973221323302539e+01
1.246646646646646595e+01 1.115151984813650010e+01
1.244744744744744658e+01 7.081725146333766929e+00
1.242842842842842721e+01 7.569985874435348983e+00
1.240940940940940784e+01 1.292830740155841340e+01
1.239039039039038848e+01 8.035524166260410439e+00
1.237137137137137088e+01 6.551925217379741540e+00
1.235235235235235152e+01 1.495238376118536650e+01
1.233333333333333215e+01 1.154312100878468073e+01
1.231431431431431278e+01 2.933477556916502493e+01
1.229529529529529341e+01 -1.201573261939103610e+01
1.227627627627627582e+01 2.560534772583838503e+01
1.225725725725725646e+01 2.734466532601427957e+01
1.223823823823823709e+01 -5.659307798064560302e+00
1.221921921921921772e+01 1.183577303891047094e+01
1.220020020020019835e+01 1.173359459998626342e+01
1.218118118118118076e+01 1.554831252586094337e+00
1.216216216216216139e+01 8.031027321177113265e+00
1.214314314314314203e+01 4.880001629502471516e+00
1.212412412412412266e+01 3.368238326267500327e+01
1.210510510510510329e+01 2.568776616523529555e+01
1.208608608608608570e+01 2.921525204853258728e+01
1.206706706706706633e+01 2.388258803664022878e+01
1.204804804804804697e+01 5.538992832454649573e+00
1.202902902902902760e+01 1.174545872817918379e+01
1.201001001001000823e+01 2.204309419174758844e+01
1.199099099099099064e+01 5.083745320589905248e+00
1.197197197197197127e+01 2.458761337437058003e+01
1.195295295295295190e+01 1.520457789112508706e+01
1.193393393393393254e+01 1.400745195511666275e+01
1.191491491491491317e+01 2.501074073265345987e+01
1.189589589589589558e+01 2.248693584605521067e+01
1.187687687687687621e+01 1.457551052627341193e+01
1.185785785785785684e+01 2.991707455365936497e+01
1.183883883883883748e+01 7.649508634233690429e+00
1.181981981981981811e+01 2.475365061569930347e+01
1.180080080080080052e+01 2.465727261126040304e+01
1.178178178178178115e+01 1.575919039813739531e+01
1.176276276276276178e+01 2.224215695534119064e+01
1.174374374374374241e+01 6.593727058535677088e+00
1.172472472472472305e+01 2.846705773825910057e+01
1.170570570570570545e+01 1.749760541391876245e+01
1.168668668668668609e+01 1.423717393148832144e+01
1.166766766766766672e+01 3.007023606117476788e+01
1.164864864864864735e+01 1.265043292663460583e+01
1.162962962962962798e+01 5.720992357603982725e+00
1.161061061061061039e+01 4.349082717430121647e+00
1.159159159159159103e+01 2.608253926854396454e+01
1.157257257257257166e+01 7.322315441283635096e+00
1.155355355355355229e+01 3.777679799370268654e+01
1.153453453453453292e+01 -4.900892073467559840e-01
1.151551551551551356e+01 3.739224101281760682e+01
1.149649649649649596e+01 2.263447065438449002e+01
1.147747747747747660e+01 1.965195162769220616e+01
1.145845845845845723e+01 1.526286862019510160e+01
1.143943943943943786e+01 2.479460888486412884e+01
1.142042042042041849e+01 2.051632234639403762e+01
1.140140140140140090e+01 3.201336396622909319e+01
1.138238238238238154e+01 2.220672967871565717e+01
1.136336336336336217e+01 2.264970640317743289e+01
1.134434434434434280e+01 1.759109717605449319e+01
1.132532532532532343e+01 2.073660894861234993e+01
1.130630630630630584e+01 2.446126407944047543e+01
1.128728728728728647e+01 4.357100432526472389e+00
1.126826826826826711e+01 8.050844190589369731e+00
1.124924924924924774e+01 2.903765024440910381e+01
1.123023023023022837e+01 2.338438990559361841e+01
1.121121121121121078e+01 1.990506467595916718e+01
1.119219219219219141e+01 2.199592525432796819e+01
1.117317317317317205e+01 2.535121643343335052e+01
1.115415415415415268e+01 1.654008822433466719e+01
1.113513513513513331e+01 1.421541459251877626e+01
1.111611611611611572e+01 2.401620177124868505e+01
1.109709709709709635e+01 1.233183791137648022e+01
1.107807807807807698e+01 2.625445752274162103e+01
1.105905905905905762e+01 5.201024120305373089e+00
1.104004004004003825e+01 3.257193082405666473e+01
1.102102102102102066e+01 2.705849212757410527e+01
1.100200200200200129e+01 2.494362432191807954e+01
1.098298298298298192e+01 3.225738832807860490e+01
1.096396396396396256e+01 3.913073586017354444e+01
1.094494494494494319e+01 3.266385252459760835e+01
1.092592592592592560e+01 4.154237180374213523e+00
1.090690690690690623e+01 9.808721925324315194e+00
1.088788788788788686e+01 1.639652059320281197e+01
1.086886886886886749e+01 2.294455190234902631e+01
1.084984984984984813e+01 2.789790409544822936e+01
1.083083083083083054e+01 1.550030385770165964e+01
1.081181181181181117e+01 2.466060958874971121e+01
1.079279279279279180e+01 1.527202066471487996e+01
1.077377377377377243e+01 1.674060034798019103e+01
1.075475475475475307e+01 8.817900033578808916e+00
1.073573573573573370e+01 1.367973155117307371e+01
1.071671671671671611e+01 9.421607724185127708e+00
1.069769769769769674e+01 1.320496356736730981e+01
1.067867867867867737e+01 3.352422501689198953e+01
1.065965965965965800e+01 1.351681328084965195e+01
1.064064064064063864e+01 4.935651766593554868e+01
1.062162162162162105e+01 2.798668538582802867e+01
1.060260260260260168e+01 2.492160689900887505e+01
1.058358358358358231e+01 1.450561502085662191e+01
1.056456456456456294e+01 3.010674915058137913e+01
1.054554554554554358e+01 1.736068696606138673e+01
1.052652652652652598e+01 2.434954998804853332e+01
1.050750750750750662e+01 4.874167089991166790e+01
1.048848848848848725e+01 2.219060047797148272e+01
1.046946946946946788e+01 3.465332179043625871e+01
1.045045045045044851e+01 1.613724102551139339e+01
1.043143143143143092e+01 2.282657981599878738e+01
1.041241241241241156e+01 4.089098535169857485e+01
1.039339339339339219e+01 1.691768248333683999e+01
1.037437437437437282e+01 4.131301310628420254e+01
1.035535535535535345e+01 3.026630190770313789e+01
1.033633633633633586e+01 1.756346359608772900e+01
1.031731731731731649e+01 2.951066413828691992e+01
1.029829829829829713e+01 3.290970611635296450e+01
1.027927927927927776e+01 2.939896806453724309e+01
1.026026026026025839e+01 7.474472422225337809e+00
1.024124124124124080e+01 1.590035578834469554e+01
1.022222222222222143e+01 2.069071826158953087e+01
1.020320320320320207e+01 2.241492868147443929e+01
1.018418418418418270e+01 2.935534865115375425e+01
1.016516516516516333e+01 2.491354944549448547e+01
1.014614614614614574e+01 9.770211870805283638e+00
1.012712712712712637e+01 2.691196508163134382e+01
1.010810810810810700e+01 2.920140218695922130e+01
1.008908908908908764e+01 2.867824553811323440e+01
1.007007007007006827e+01 3.387219505410352127e+01
1.005105105105105068e+01 3.138691632186530001e+01
1.003203203203203131e+01 2.762207490472808757e+01
1.001301301301301194e+01 2.231047956338144544e+01
9.993993993993992575e+00 6.382369038356095814e+00
9.974974974974973208e+00 2.726445177517076246e+01
9.955955955955953840e+00 2.502074101093013070e+01
9.936936936936936249e+00 2.563456131108206648e+01
9.917917917917916881e+00 1.012552083132289127e+01
9.898898898898897514e+00 1.205601013489953033e+01
9.879879879879878146e+00 3.337101833726661937e+01
9.860860860860858779e+00 2.241620813445425142e+01
9.841841841841841187e+00 2.959840180717431934e+01
9.822822822822821820e+00 2.303758923280199156e+01
9.803803803803802452e+00 2.302236203778651458e+01
9.784784784784783085e+00 3.207381702729351503e+01
9.765765765765763717e+00 1.749520287467361968e+01
9.746746746746746126e+00 2.358093329652549741e+01
9.727727727727726759e+00 1.796046229140894823e+01
9.708708708708707391e+00 1.820116550975457059e+01
9.689689689689688024e+00 1.941675209638824384e+01
9.670670670670668656e+00 2.469159766131036449e+01
9.651651651651651065e+00 1.764401157808697462e+01
9.632632632632631697e+00 3.494975619463681937e+01
9.613613613613612330e+00 1.340628806841946918e+01
9.594594594594592962e+00 2.044190389579593869e+01
9.575575575575573595e+00 1.786756345160260295e+01
9.556556556556556004e+00 3.668839344946895409e+01
9.537537537537536636e+00 2.413739838984202635e+01
9.518518518518517268e+00 3.244303603455686158e+01
9.499499499499497901e+00 7.221239269254944304e+00
9.480480480480478533e+00 2.469911881521790065e+01
9.461461461461460942e+00 3.087615716173541358e+01
9.442442442442441575e+00 2.275345496573978821e+01
9.423423423423422207e+00 3.253573965968161730e+01
9.404404404404402840e+00 1.665793436650861992e+01
9.385385385385383472e+00 3.586971938887455025e+01
9.366366366366365881e+00 4.470901058963673336e+01
9.347347347347346513e+00 1.803500526616848276e+01
9.328328328328327146e+00 1.715131224046585245e+01
9.309309309309307778e+00 3.608272066100371944e+01
9.290290290290288411e+00 3.728673534681825430e+01
9.271271271271270820e+00 1.620415704665508372e+01
9.252252252252251452e+00 1.717224579238649795e+01
9.233233233233232085e+00 1.849724452845236655e+01
9.214214214214212717e+00 7.811188450324053179e+00
9.195195195195193349e+00 1.200799281127142493e+01
9.176176176176173982e+00 1.108736733150145248e+01
9.157157157157156391e+00 1.338470487371922779e+01
9.138138138138137023e+00 2.064938652475449388e+01
9.119119119119117656e+00 2.327159365517501399e+01
9.100100100100098288e+00 3.636732466130231956e+01
9.081081081081078921e+00 1.081132186028267839e+01
9.062062062062061329e+00 3.057030417164496328e+01
9.043043043043041962e+00 1.851909167310838811e+01
9.024024024024022594e+00 2.009593103263745206e+01
9.005005005005003227e+00 2.727004604972511004e+01
8.985985985985983859e+00 9.221198932333084741e+00
8.966966966966964492e+00 2.419721226409805581e+01
8.947947947947945124e+00 2.196204341096717982e+01
8.928928928928929309e+00 2.514615706040055443e+01
8.909909909909909942e+00 2.303717718160016759e+01
8.890890890890890574e+00 4.462206697347823336e+01
8.871871871871871207e+00 1.361497622246239558e+01
8.852852852852851839e+00 1.460545780177919184e+01
8.833833833833832472e+00 1.360682047828460028e+01
8.814814814814813104e+00 1.420600556882755683e+01
8.795795795795793737e+00 1.330780427148910050e+01
8.776776776776774369e+00 3.148753288837470166e+01
8.757757757757755002e+00 3.371787106098867071e+01
8.738738738738735634e+00 1.372060135715828544e+01
8.719719719719719819e+00 1.101952498742848618e+01
8.700700700700700452e+00 2.397203887115303189e+01
8.681681681681681084e+00 1.365024726310958236e+01
8.662662662662661717e+00 2.541618727685549572e+01
8.643643643643642349e+00 2.103029326201342286e+01
8.624624624624622982e+00 3.757623607104742192e+00
8.605605605605603614e+00 3.430393098709494382e+01
8.586586586586584247e+00 3.669650884048484585e+01
8.567567567567564879e+00 1.251652532529191220e+01
8.548548548548545511e+00 1.467390700025399219e+01
8.529529529529529697e+00 2.131592177683637601e+01
8.510510510510510329e+00 2.170802169292342043e+01
8.491491491491490962e+00 2.485492728184762967e+01
8.472472472472471594e+00 3.827741119776435852e+01
8.453453453453452227e+00 1.631163013086333891e+01
8.434434434434432859e+00 1.000372661751242731e+01
8.415415415415413491e+00 4.098968735141104602e+00
8.396396396396394124e+00 1.048683191043565799e+01
8.377377377377374756e+00 1.736289053548687633e+01
8.358358358358355389e+00 3.553764933253753355e+01
8.339339339339339574e+00 1.231375542624227215e+01
8.320320320320320207e+00 1.962543754175476707e+01
8.301301301301300839e+00 1.712091530591001032e+01
8.282282282282281471e+00 2.906656456485830020e+01
8.263263263263262104e+00 4.234934990032414959e+01
8.244244244244242736e+00 1.166864198576807254e+01
8.225225225225223369e+00 1.198015455832322473e+01
8.206206206206204001e+00 2.721329611769302659e+01
8.187187187187184634e+00 2.348254551922110878e+01
8.168168168168165266e+00 3.502010001580437404e+01
8.149149149149149451e+00 2.228164184840928996e+01
8.130130130130130084e+00 1.273871438245539167e+01
8.111111111111110716e+00 2.212740488637324887e+01
8.092092092092091349e+00 2.719706446628021013e+01
8.073073073073071981e+00 2.420397696148203437e+01
8.054054054054052614e+00 2.096098082857901446e+01
8.035035035035033246e+00 2.644403555195756184e+01
8.016016016016013879e+00 2.735925949433064730e+01
7.996996996996994511e+00 2.937561226861571839e+01
7.977977977977975144e+00 2.192206260922399963e+01
7.958958958958959329e+00 1.364471036983806762e+01
7.939939939939939961e+00 1.666394560366414979e+01
7.920920920920920594e+00 2.714280990490373213e+01
7.901901901901901226e+00 6.789273058314853060e+00
7.882882882882881859e+00 1.852627403236988357e+01
7.863863863863862491e+00 1.078706968523726140e+01
7.844844844844843124e+00 1.488883224350519718e+01
7.825825825825823756e+00 2.726684190149789089e+01
7.806806806806804389e+00 1.627427047482060374e+01
7.787787787787785021e+00 1.470318841918802377e+01
7.768768768768765653e+00 5.128078885094407013e-01
7.749749749749749839e+00 2.144648807845863914e+01
7.730730730730730471e+00 2.031141832101609523e+01
7.711711711711711104e+00 3.536179182144121569e+01
7.692692692692691736e+00 1.052417839200767347e+01
7.673673673673672369e+00 1.566623200289381757e+01
7.654654654654653001e+00 1.584138878062922728e+01
7.635635635635633633e+00 2.899496672673648234e+01
7.616616616616614266e+00 1.214042265836924983e+01
7.597597597597594898e+00 1.575547528963442367e+01
7.578578578578575531e+00 1.890838388734615449e+01
7.559559559559559716e+00 1.455975215618490459e+01
7.540540540540540349e+00 8.093653733369368553e+00
7.521521521521520981e+00 1.436330932343313549e+01
7.502502502502501613e+00 2.302324033232106615e+01
7.483483483483482246e+00 1.886380601909321442e+00
7.464464464464462878e+00 1.334594137158196325e+01
7.445445445445443511e+00 4.879851416827711397e+00
7.426426426426424143e+00 2.369644753294645056e+01
7.407407407407404776e+00 -3.620856142980491299e+00
7.388388388388385408e+00 5.881193924213818036e+00
7.369369369369369593e+00 1.509839273757796718e+01
7.350350350350350226e+00 2.683750916193040581e+01
7.331331331331330858e+00 1.038089730071551209e+01
7.312312312312311491e+00 5.342675344405819260e+00
7.293293293293292123e+00 2.956265445978154816e+01
7.274274274274272756e+00 -3.872496325648139504e+00
7.255255255255253388e+00 -1.152370927716470383e+01
7.236236236236234021e+00 1.472135423940458843e+01
7.217217217217214653e+00 5.157681930938567305e+00
7.198198198198195286e+00 -1.778738737163312322e-01
7.179179179179179471e+00 1.696542010430832192e+01
7.160160160160160103e+00 1.216744377352205575e+01
7.141141141141140736e+00 3.936413865013243196e+00
7.122122122122121368e+00 -3.377894573435247239e+00
7.103103103103102001e+00 1.799786039591532472e+01
7.084084084084082633e+00 1.562362827235617324e+01
7.065065065065063266e+00 7.978381900507521607e+00
7.046046046046043898e+00 2.728523191900261935e+01
7.027027027027024531e+00 -2.033063842572991220e+00
7.008008008008005163e+00 -6.738343061153683422e+00
6.988988988988985795e+00 1.441072741895996323e+00
6.969969969969969981e+00 7.743334708318445614e+00
6.950950950950950613e+00 1.047186070114904055e+01
6.931931931931931246e+00 5.465609557573408495e+00
6.912912912912911878e+00 1.123826386319635162e+01
6.893893893893892511e+00 -4.957705976058460529e+00
6.874874874874873143e+00 2.183555400897355980e+01
6.855855855855853775e+00 6.416860018055969839e+00
6.836836836836834408e+00 1.825204078260529883e+01
6.817817817817815040e+00 1.034729616110329609e+01
6.798798798798795673e+00 1.132808175656031047e+01
6.779779779779779858e+00 1.228852931510004964e+01
6.760760760760760490e+00 1.089852790260653137e+01
6.741741741741741123e+00 1.267953734323964099e+01
6.722722722722721755e+00 1.937498692403750766e+01
6.703703703703702388e+00 7.880112419518807698e+00
6.684684684684683020e+00 1.283666719436502213e+01
6.665665665665663653e+00 4.681294280849883194e+00
6.646646646646644285e+00 1.981214019429799578e+01
6.627627627627624918e+00 -1.520340090195648308e+00
6.608608608608605550e+00 2.308590286658414925e+01
6.589589589589589735e+00 4.501611902508297014e+00
6.570570570570570368e+00 -9.582938668754525935e+00
6.551551551551551000e+00 5.827810130346366968e+00
6.532532532532531633e+00 -2.441461411664286096e+00
6.513513513513512265e+00 1.259811799031003154e+01
6.494494494494492898e+00 -2.511589012913940877e+00
6.475475475475473530e+00 -6.238715908839145285e-01
6.456456456456454163e+00 -1.523378622749189404e+01
6.437437437437434795e+00 -1.037434801147766095e+00
6.418418418418415428e+00 -2.092880598971460060e+01
6.399399399399399613e+00 -1.270473376006276922e+01
6.380380380380380245e+00 1.055067415013242993e+01
6.361361361361360878e+00 1.061714931863165390e+01
6.342342342342341510e+00 6.826733319247196619e+00
6.323323323323322143e+00 -7.284201194725941519e+00
6.304304304304302775e+00 1.722244529914439992e+00
6.285285285285283408e+00 1.977528504145988686e+00
6.266266266266264040e+00 -9.755496623098599329e+00
6.247247247247244673e+00 1.667713290315352737e+01
6.228228228228225305e+00 1.023217821205050448e+01
6.209209209209205937e+00 -9.352725672143533675e-01
6.190190190190190123e+00 1.395384173437202335e+00
6.171171171171170755e+00 3.096534515074997440e+00
6.152152152152151388e+00 -1.951820650520903655e+01
6.133133133133132020e+00 -1.685939200685139028e+00
6.114114114114112652e+00 -6.147057145004676926e+00
6.095095095095093285e+00 -9.456204229799539007e+00
6.076076076076073917e+00 -2.363535146893533501e+00
6.057057057057054550e+00 1.831206788625339144e+01
6.038038038038035182e+00 6.631630529011263597e+00
6.019019019019015815e+00 -5.600322690093813449e+00
6.000000000000000000e+00 5.725827813561585877e+00
